3 97
3 236
3 87
3 215
3 115
3 109
3 195
3 3
3 138
3 5
3 85
3 72
3 125
3 32
3 238
3 247
3 133
3 2
3 207
3 6
3 244
3 283
3 279
3 157
3 268
3 229
3 25
3 105
3 273
3 230
3 266
3 209
3 26
3 210
3 120
3 17
3 34
3 194
3 221
3 222
3 123
4 210
4 271
4 240
4 59
4 280
4 119
4 147
4 95
4 64
4 42
4 164
4 16
4 168
4 204
4 65
4 5
4 247
4 259
4 273
4 88
4 129
4 50
4 76
4 250
4 54
4 105
4 102
4 209
4 159
4 252
4 260
4 56
4 139
4 94
4 19
4 57
4 104
4 40
4 155
4 9
4 8
5 88
5 89
5 233
5 278
5 120
5 287
5 274
5 11
5 270
5 209
5 22
5 227
5 219
5 241
5 61
5 81
5 128
5 144
5 98
5 225
5 183
5 119
5 121
5 83
5 217
5 208
5 263
5 90
5 160
5 200
5 170
5 75
5 102
5 17
5 234
5 192
5 231
5 21
5 92
5 63
5 86
6 257
6 212
6 129
6 279
6 89
6 5
6 85
6 159
6 58
6 65
6 101
6 17
6 93
6 254
6 45
6 151
6 217
6 64
6 219
6 147
6 148
6 106
6 1
6 261
6 208
6 82
6 116
6 210
6 28
6 286
6 139
6 248
6 265
6 171
6 88
6 108
6 15
6 269
6 241
6 86
6 124
7 211
7 121
7 108
7 242
7 262
7 229
7 66
7 122
7 168
7 241
7 10
7 198
7 255
7 232
7 235
7 245
7 18
7 133
7 32
7 216
7 38
7 126
7 103
7 146
7 227
7 90
7 9
7 145
7 150
7 254
7 169
7 144
7 271
7 42
7 170
7 260
7 113
7 22
7 174
7 23
7 219
8 218
8 103
8 155
8 160
8 150
8 9
8 39
8 163
8 47
8 158
8 168
8 248
8 19
8 188
8 40
8 189
8 74
8 125
8 119
8 64
8 83
8 211
8 148
8 12
8 223
8 267
8 141
8 135
8 115
8 17
8 84
8 171
8 224
8 184
8 191
8 239
8 134
8 231
8 27
8 4
8 264
9 101
9 111
9 8
9 266
9 275
9 163
9 254
9 76
9 228
9 51
9 226
9 204
9 7
9 245
9 106
9 108
9 156
9 193
9 114
9 14
9 103
9 252
9 107
9 248
9 124
9 18
9 285
9 154
9 235
9 223
9 185
9 244
9 280
9 12
9 179
9 196
9 208
9 140
9 212
9 60
9 24
10 18
10 202
10 225
10 281
10 51
10 65
10 50
10 33
10 118
10 260
10 89
10 123
10 264
10 76
10 48
10 79
10 26
10 132
10 190
10 6
10 36
10 69
10 218
10 40
10 157
10 235
10 231
10 180
10 145
10 255
10 7
10 131
10 156
10 207
10 108
10 262
10 265
10 185
10 188
10 209
10 169
11 238
11 282
11 80
11 97
11 8
11 182
11 118
11 218
11 132
11 210
11 11
11 145
11 49
11 230
11 141
11 55
11 77
11 212
11 153
11 236
11 52
11 24
11 184
11 270
11 280
11 183
11 196
11 152
11 148
11 45
11 163
11 54
11 198
11 50
11 10
11 177
11 68
11 204
11 88
11 266
11 200
12 101
12 222
12 157
12 144
12 108
12 183
12 58
12 73
12 19
12 56
12 114
12 122
12 131
12 67
12 258
12 164
12 31
12 189
12 59
12 156
12 242
12 168
12 49
12 217
12 100
12 123
12 153
12 102
12 185
12 140
12 87
12 88
12 42
12 213
12 206
12 57
12 268
12 266
12 187
12 211
12 79
13 246
13 19
13 121
13 217
13 132
13 180
13 26
13 259
13 161
13 127
13 46
13 47
13 261
13 7
13 133
13 275
13 181
13 53
13 257
13 218
13 186
13 101
13 108
13 93
13 73
13 194
13 284
13 131
13 146
13 79
13 224
13 6
13 67
13 58
13 203
13 102
13 280
13 140
13 40
13 171
13 83
14 221
14 26
14 56
14 262
14 252
14 245
14 84
14 166
14 264
14 91
14 163
14 231
14 263
14 95
14 80
14 78
14 197
14 27
14 173
14 213
14 206
14 96
14 122
14 112
14 103
14 2
14 99
14 145
14 85
14 181
14 248
14 201
14 236
14 100
14 214
14 118
14 141
14 217
14 49
14 108
14 73
15 192
15 252
15 108
15 209
15 195
15 64
15 25
15 126
15 94
15 163
15 125
15 272
15 105
15 201
15 153
15 144
15 71
15 263
15 268
15 273
15 113
15 100
15 150
15 182
15 184
15 38
15 222
15 37
15 278
15 254
15 160
15 141
15 276
15 136
15 115
15 138
15 146
15 207
15 139
15 137
15 176
16 228
16 183
16 260
16 201
16 34
16 97
16 220
16 41
16 193
16 29
16 247
16 196
16 250
16 151
16 13
16 60
16 86
16 113
16 35
16 93
16 72
16 31
16 162
16 79
16 20
16 119
16 51
16 243
16 215
16 259
16 73
16 75
16 194
16 142
16 199
16 192
16 6
16 169
16 3
16 78
16 12
17 54
17 113
17 31
17 257
17 0
17 28
17 106
17 256
17 133
17 13
17 80
17 199
17 134
17 128
17 229
17 237
17 116
17 249
17 5
17 97
17 15
17 149
17 144
17 38
17 213
17 282
17 139
17 129
17 269
17 264
17 251
17 153
17 10
17 132
17 183
17 19
17 45
17 214
17 218
17 32
17 63
18 122
18 107
18 132
18 183
18 144
18 139
18 110
18 61
18 256
18 99
18 101
18 163
18 130
18 98
18 113
18 26
18 85
18 32
18 140
18 93
18 182
18 9
18 248
18 239
18 151
18 211
18 236
18 125
18 112
18 20
18 262
18 274
18 31
18 229
18 258
18 224
18 198
18 16
18 29
18 206
18 147
19 195
19 280
19 140
19 237
19 29
19 183
19 107
19 153
19 30
19 252
19 93
19 88
19 258
19 1
19 79
19 218
19 78
19 38
19 41
19 53
19 7
19 150
19 39
19 193
19 217
19 240
19 81
19 117
19 12
19 43
19 152
19 2
19 3
19 133
19 0
19 47
19 46
19 34
19 134
19 62
19 129
20 41
20 64
20 96
20 93
20 26
20 170
20 248
20 87
20 121
20 62
20 132
20 185
20 274
20 101
20 133
20 151
20 36
20 218
20 264
20 283
20 271
20 99
20 47
20 105
20 118
20 266
20 145
20 263
20 146
20 156
20 164
20 139
20 56
20 135
20 20
20 275
20 227
20 217
20 214
20 86
20 285
21 2
21 90
21 197
21 34
21 128
21 52
21 173
21 231
21 218
21 161
21 92
21 81
21 223
21 147
21 101
21 28
21 199
21 138
21 75
21 265
21 253
21 168
21 15
21 160
21 143
21 96
21 42
21 228
21 71
21 157
21 220
21 189
21 186
21 11
21 44
21 284
21 234
21 193
21 256
21 229
21 18
22 17
22 273
22 275
22 286
22 240
22 0
22 100
22 130
22 25
22 71
22 187
22 158
22 48
22 278
22 39
22 254
22 276
22 215
22 41
22 113
22 270
22 27
22 6
22 143
22 157
22 178
22 16
22 277
22 154
22 121
22 229
22 176
22 173
22 238
22 20
22 171
22 233
22 212
22 248
22 194
22 127
23 90
23 246
23 188
23 112
23 160
23 268
23 139
23 86
23 274
23 77
23 31
23 34
23 142
23 206
23 247
23 283
23 254
23 272
23 15
23 119
23 33
23 35
23 58
23 61
23 146
23 6
23 241
23 255
23 178
23 277
23 143
23 74
23 36
23 84
23 228
23 155
23 192
23 124
23 79
23 95
23 107
24 267
24 273
24 79
24 167
24 258
24 272
24 217
24 140
24 114
24 206
24 41
24 100
24 59
24 125
24 199
24 105
24 228
24 274
24 253
24 8
24 283
24 246
24 63
24 142
24 186
24 138
24 282
24 70
24 30
24 7
24 99
24 69
24 278
24 95
24 254
24 118
24 244
24 127
24 40
24 225
24 196
25 103
25 111
25 262
25 249
25 167
25 207
25 245
25 73
25 193
25 256
25 7
25 216
25 12
25 157
25 187
25 131
25 174
25 102
25 36
25 76
25 164
25 172
25 80
25 142
25 204
25 85
25 255
25 143
25 119
25 13
25 93
25 117
25 202
25 71
25 149
25 170
25 226
25 137
25 114
25 272
25 281
26 113
26 183
26 137
26 77
26 168
26 237
26 115
26 22
26 172
26 226
26 174
26 19
26 87
26 194
26 224
26 244
26 147
26 122
26 149
26 107
26 144
26 109
26 116
26 100
26 18
26 131
26 61
26 55
26 134
26 225
26 160
26 36
26 139
26 26
26 150
26 68
26 82
26 253
26 184
26 140
26 123
27 16
27 0
27 199
27 138
27 262
27 114
27 27
27 186
27 91
27 193
27 124
27 69
27 140
27 129
27 195
27 232
27 36
27 99
27 274
27 104
27 234
27 247
27 259
27 156
27 59
27 18
27 201
27 41
27 280
27 263
27 187
27 174
27 257
27 207
27 42
27 125
27 223
27 282
27 173
27 10
27 273
28 93
28 108
28 153
28 257
28 36
28 189
28 8
28 44
28 86
28 226
28 180
28 284
28 158
28 34
28 172
28 147
28 193
28 133
28 139
28 132
28 41
28 72
28 29
28 109
28 43
28 250
28 229
28 225
28 119
28 210
28 122
28 45
28 199
28 237
28 111
28 165
28 11
28 103
28 74
28 164
28 124
29 98
29 185
29 238
29 270
29 258
29 114
29 267
29 1
29 165
29 259
29 120
29 163
29 280
29 210
29 40
29 176
29 250
29 95
29 187
29 239
29 147
29 142
29 16
29 245
29 93
29 0
29 204
29 62
29 174
29 212
29 13
29 25
29 125
29 72
29 18
29 194
29 123
29 215
29 33
29 117
29 101
30 252
30 18
30 287
30 180
30 84
30 213
30 3
30 33
30 61
30 244
30 85
30 95
30 160
30 57
30 146
30 144
30 117
30 17
30 115
30 74
30 43
30 45
30 173
30 155
30 177
30 96
30 230
30 165
30 28
30 4
30 163
30 161
30 148
30 234
30 50
30 182
30 119
30 71
30 48
30 39
30 103
31 282
31 24
31 267
31 153
31 205
31 25
31 270
31 104
31 83
31 31
31 112
31 142
31 43
31 286
31 39
31 10
31 202
31 33
31 245
31 133
31 95
31 273
31 93
31 249
31 135
31 182
31 115
31 107
31 126
31 208
31 189
31 176
31 87
31 206
31 280
31 5
31 94
31 172
31 163
31 23
31 125
32 235
32 61
32 42
32 216
32 272
32 125
32 241
32 45
32 36
32 90
32 75
32 174
32 48
32 57
32 220
32 92
32 58
32 93
32 44
32 207
32 131
32 81
32 19
32 203
32 278
32 46
32 146
32 83
32 251
32 62
32 103
32 122
32 100
32 141
32 78
32 110
32 172
32 223
32 158
32 239
32 287
33 279
33 167
33 214
33 287
33 22
33 278
33 9
33 243
33 78
33 209
33 184
33 254
33 178
33 129
33 46
33 128
33 17
33 261
33 189
33 56
33 280
33 231
33 137
33 81
33 2
33 23
33 274
33 164
33 6
33 113
33 28
33 260
33 93
33 57
33 228
33 273
33 142
33 205
33 177
33 24
33 217
34 256
34 280
34 281
34 42
34 279
34 147
34 100
34 125
34 188
34 23
34 141
34 24
34 230
34 133
34 153
34 213
34 128
34 19
34 45
34 222
34 150
34 146
34 51
34 246
34 254
34 84
34 99
34 38
34 155
34 108
34 287
34 225
34 157
34 138
34 169
34 278
34 187
34 162
34 191
34 236
34 286
35 241
35 144
35 186
35 184
35 217
35 70
35 134
35 282
35 45
35 133
35 113
35 172
35 194
35 48
35 204
35 229
35 270
35 235
35 272
35 51
35 14
35 85
35 196
35 151
35 165
35 83
35 261
35 105
35 234
35 150
35 141
35 73
35 31
35 264
35 108
35 52
35 136
35 46
35 129
35 117
35 132
36 77
36 114
36 193
36 169
36 104
36 7
36 210
36 194
36 32
36 13
36 233
36 16
36 236
36 276
36 255
36 238
36 164
36 20
36 272
36 94
36 123
36 196
36 52
36 189
36 66
36 253
36 9
36 42
36 133
36 190
36 146
36 84
36 198
36 153
36 175
36 258
36 57
36 29
36 19
36 71
36 141
37 191
37 274
37 283
37 203
37 246
37 138
37 20
37 242
37 119
37 235
37 154
37 145
37 163
37 76
37 216
37 74
37 286
37 106
37 265
37 17
37 133
37 91
37 122
37 199
37 7
37 214
37 185
37 142
37 182
37 186
37 135
37 178
37 277
37 259
37 213
37 126
37 149
37 29
37 38
37 196
37 92
38 67
38 173
38 40
38 145
38 212
38 257
38 68
38 95
38 25
38 245
38 198
38 52
38 134
38 240
38 160
38 43
38 172
38 286
38 280
38 51
38 282
38 148
38 274
38 203
38 281
38 133
38 141
38 248
38 88
38 140
38 71
38 193
38 273
38 230
38 106
38 220
38 158
38 91
38 116
38 108
38 233
39 272
39 153
39 26
39 122
39 240
39 40
39 114
39 172
39 246
39 89
39 237
39 171
39 173
39 12
39 203
39 228
39 242
39 73
39 226
39 50
39 74
39 19
39 23
39 54
39 87
39 221
39 78
39 8
39 262
39 68
39 161
39 36
39 206
39 17
39 29
39 33
39 98
39 248
39 79
39 196
39 174
40 138
40 146
40 282
40 13
40 134
40 257
40 234
40 280
40 115
40 40
40 160
40 270
40 30
40 263
40 168
40 43
40 227
40 82
40 126
40 41
40 37
40 1
40 284
40 246
40 275
40 10
40 125
40 120
40 19
40 222
40 200
40 224
40 23
40 211
40 50
40 240
40 145
40 265
40 85
40 95
40 244
41 122
41 108
41 115
41 238
41 165
41 89
41 47
41 70
41 187
41 93
41 207
41 130
41 221
41 199
41 276
41 118
41 182
41 259
41 41
41 117
41 100
41 274
41 96
41 270
41 277
41 184
41 64
41 235
41 32
41 73
41 208
41 17
41 132
41 146
41 52
41 268
41 275
41 202
41 188
41 244
41 174
42 280
42 112
42 151
42 134
42 133
42 230
42 255
42 179
42 98
42 41
42 242
42 155
42 102
42 52
42 71
42 272
42 100
42 164
42 225
42 150
42 144
42 205
42 260
42 156
42 2
42 110
42 143
42 15
42 96
42 271
42 115
42 183
42 48
42 94
42 209
42 218
42 28
42 223
42 21
42 226
42 93
43 87
43 55
43 189
43 242
43 194
43 205
43 185
43 18
43 99
43 137
43 173
43 258
43 212
43 28
43 77
43 159
43 60
43 76
43 193
43 58
43 11
43 119
43 64
43 219
43 70
43 111
43 170
43 135
43 179
43 29
43 149
43 247
43 271
43 236
43 92
43 269
43 203
43 138
43 181
43 68
43 279
44 82
44 52
44 136
44 113
44 157
44 218
44 85
44 213
44 183
44 278
44 130
44 84
44 76
44 235
44 232
44 272
44 192
44 240
44 16
44 217
44 111
44 285
44 31
44 50
44 270
44 47
44 169
44 98
44 164
44 35
44 78
44 23
44 263
44 214
44 70
44 135
44 190
44 251
44 239
44 94
44 61
