3 165
3 77
3 202
3 24
3 37
3 274
3 48
3 187
3 29
3 259
3 109
3 19
3 44
3 222
3 214
3 35
3 123
3 46
3 282
3 217
3 30
3 63
3 114
3 31
3 203
3 25
3 113
3 23
3 285
3 68
3 148
3 73
3 276
3 60
3 157
3 286
3 92
3 52
3 96
3 190
3 49
4 280
4 32
4 30
4 105
4 254
4 272
4 218
4 160
4 238
4 232
4 185
4 153
4 127
4 92
4 124
4 41
4 268
4 253
4 175
4 229
4 147
4 37
4 60
4 262
4 214
4 84
4 77
4 250
4 215
4 20
4 39
4 285
4 174
4 179
4 233
4 35
4 47
4 138
4 242
4 33
4 31
5 158
5 228
5 145
5 197
5 177
5 11
5 236
5 181
5 86
5 59
5 252
5 30
5 111
5 147
5 66
5 126
5 203
5 200
5 254
5 41
5 85
5 229
5 205
5 281
5 142
5 70
5 220
5 212
5 183
5 194
5 118
5 77
5 42
5 90
5 119
5 6
5 248
5 93
5 134
5 144
5 2
6 74
6 214
6 273
6 189
6 163
6 64
6 263
6 27
6 233
6 286
6 200
6 203
6 204
6 201
6 53
6 246
6 205
6 31
6 97
6 34
6 106
6 225
6 83
6 56
6 174
6 26
6 52
6 0
6 77
6 274
6 51
6 186
6 13
6 36
6 192
6 76
6 129
6 177
6 242
6 62
6 59
7 249
7 238
7 245
7 247
7 159
7 43
7 73
7 52
7 175
7 135
7 82
7 264
7 11
7 105
7 270
7 185
7 75
7 278
7 13
7 152
7 46
7 133
7 265
7 187
7 85
7 182
7 114
7 272
7 277
7 257
7 168
7 99
7 122
7 205
7 116
7 102
7 252
7 14
7 143
7 241
7 132
8 99
8 176
8 228
8 178
8 186
8 41
8 112
8 52
8 116
8 240
8 100
8 172
8 104
8 247
8 0
8 245
8 43
8 61
8 198
8 102
8 244
8 91
8 222
8 170
8 44
8 202
8 237
8 205
8 81
8 87
8 65
8 14
8 77
8 238
8 74
8 242
8 179
8 79
8 280
8 67
8 10
9 7
9 52
9 269
9 71
9 222
9 99
9 108
9 14
9 128
9 149
9 256
9 123
9 166
9 132
9 278
9 214
9 67
9 31
9 181
9 234
9 264
9 215
9 66
9 272
9 77
9 268
9 261
9 9
9 225
9 93
9 2
9 76
9 88
9 72
9 242
9 61
9 284
9 265
9 271
9 247
9 54
10 286
10 29
10 127
10 97
10 141
10 21
10 50
10 259
10 231
10 287
10 14
10 32
10 226
10 166
10 258
10 262
10 102
10 260
10 273
10 244
10 126
10 267
10 132
10 103
10 229
10 70
10 213
10 62
10 200
10 161
10 37
10 123
10 219
10 108
10 155
10 79
10 187
10 73
10 129
10 239
10 112
11 48
11 203
11 249
11 83
11 114
11 82
11 220
11 263
11 206
11 173
11 215
11 100
11 182
11 163
11 47
11 187
11 9
11 283
11 234
11 225
11 196
11 169
11 264
11 151
11 262
11 32
11 57
11 117
11 53
11 43
11 135
11 139
11 20
11 92
11 138
11 66
11 216
11 132
11 207
11 76
11 274
12 263
12 253
12 167
12 45
12 142
12 29
12 93
12 217
12 37
12 137
12 8
12 133
12 42
12 113
12 34
12 135
12 62
12 232
12 5
12 173
12 283
12 213
12 66
12 22
12 269
12 122
12 56
12 82
12 134
12 25
12 92
12 103
12 159
12 156
12 271
12 105
12 148
12 228
12 256
12 91
12 138
13 177
13 9
13 128
13 18
13 7
13 258
13 282
13 97
13 263
13 243
13 125
13 228
13 54
13 221
13 253
13 279
13 201
13 259
13 157
13 110
13 117
13 175
13 101
13 71
13 207
13 27
13 66
13 36
13 130
13 220
13 83
13 28
13 43
13 195
13 144
13 124
13 150
13 23
13 235
13 94
13 80
14 137
14 228
14 1
14 134
14 186
14 168
14 280
14 165
14 125
14 17
14 158
14 111
14 182
14 93
14 0
14 171
14 195
14 42
14 243
14 142
14 257
14 102
14 127
14 258
14 2
14 46
14 135
14 45
14 73
14 204
14 21
14 201
14 11
14 153
14 155
14 119
14 43
14 270
14 79
14 199
14 166
15 253
15 76
15 145
15 74
15 22
15 262
15 219
15 258
15 71
15 268
15 8
15 117
15 43
15 15
15 21
15 68
15 184
15 53
15 192
15 231
15 285
15 25
15 9
15 272
15 125
15 250
15 135
15 1
15 233
15 35
15 257
15 274
15 47
15 269
15 33
15 242
15 129
15 38
15 120
15 105
15 118
16 235
16 252
16 195
16 39
16 245
16 147
16 23
16 101
16 75
16 169
16 130
16 155
16 68
16 6
16 246
16 31
16 248
16 137
16 50
16 111
16 250
16 148
16 264
16 146
16 237
16 238
16 60
16 281
16 102
16 159
16 43
16 242
16 8
16 234
16 259
16 230
16 198
16 107
16 38
16 46
16 72
17 268
17 134
17 184
17 67
17 260
17 143
17 57
17 186
17 118
17 254
17 248
17 201
17 12
17 81
17 1
17 251
17 230
17 207
17 154
17 72
17 213
17 176
17 192
17 161
17 61
17 169
17 0
17 166
17 173
17 203
17 100
17 6
17 148
17 129
17 190
17 33
17 199
17 39
17 219
17 140
17 24
18 143
18 52
18 26
18 146
18 76
18 127
18 136
18 223
18 261
18 161
18 97
18 191
18 219
18 14
18 204
18 283
18 281
18 104
18 41
18 25
18 210
18 230
18 70
18 248
18 65
18 87
18 241
18 212
18 175
18 144
18 152
18 130
18 133
18 207
18 122
18 154
18 247
18 285
18 201
18 61
18 85
19 82
19 38
19 106
19 256
19 254
19 281
19 112
19 231
19 170
19 230
19 218
19 71
19 280
19 98
19 124
19 46
19 89
19 175
19 284
19 163
19 122
19 188
19 132
19 103
19 10
19 211
19 196
19 268
19 107
19 192
19 138
19 173
19 31
19 255
19 142
19 184
19 64
19 257
19 270
19 110
19 47
20 138
20 127
20 196
20 204
20 228
20 221
20 159
20 11
20 65
20 16
20 217
20 242
20 250
20 0
20 37
20 200
20 270
20 239
20 229
20 55
20 114
20 79
20 77
20 267
20 234
20 43
20 282
20 20
20 64
20 119
20 19
20 155
20 128
20 223
20 57
20 50
20 36
20 153
20 268
20 98
20 198
21 133
21 114
21 0
21 5
21 275
21 154
21 235
21 142
21 161
21 124
21 243
21 269
21 120
21 280
21 126
21 14
21 210
21 157
21 28
21 11
21 99
21 255
21 215
21 41
21 131
21 116
21 217
21 189
21 252
21 17
21 173
21 185
21 202
21 101
21 3
21 149
21 258
21 34
21 105
21 253
21 102
22 159
22 99
22 118
22 238
22 113
22 135
22 151
22 55
22 253
22 95
22 114
22 248
22 213
22 28
22 74
22 201
22 27
22 109
22 12
22 72
22 212
22 26
22 30
22 94
22 230
22 160
22 57
22 40
22 84
22 168
22 97
22 268
22 239
22 16
22 193
22 191
22 169
22 226
22 86
22 1
22 143
23 41
23 179
23 215
23 63
23 287
23 106
23 194
23 182
23 158
23 221
23 44
23 25
23 242
23 100
23 190
23 277
23 228
23 98
23 165
23 186
23 15
23 210
23 126
23 207
23 20
23 192
23 17
23 237
23 32
23 31
23 131
23 99
23 173
23 185
23 139
23 171
23 22
23 134
23 162
23 141
23 152
24 1
24 33
24 12
24 119
24 54
24 243
24 238
24 197
24 128
24 220
24 252
24 67
24 254
24 93
24 4
24 155
24 77
24 120
24 167
24 163
24 235
24 185
24 40
24 262
24 101
24 200
24 81
24 126
24 208
24 17
24 246
24 282
24 278
24 166
24 82
24 218
24 53
24 36
24 135
24 43
24 106
25 49
25 215
25 255
25 228
25 88
25 119
25 68
25 213
25 235
25 120
25 275
25 62
25 150
25 143
25 137
25 190
25 130
25 133
25 101
25 224
25 126
25 95
25 125
25 78
25 144
25 96
25 167
25 33
25 202
25 128
25 259
25 269
25 118
25 51
25 237
25 18
25 52
25 2
25 243
25 229
25 191
26 20
26 150
26 119
26 61
26 25
26 97
26 99
26 38
26 190
26 262
26 91
26 229
26 133
26 3
26 54
26 179
26 111
26 19
26 188
26 174
26 72
26 22
26 104
26 130
26 5
26 167
26 209
26 94
26 159
26 39
26 16
26 253
26 280
26 247
26 32
26 208
26 51
26 202
26 281
26 79
26 273
27 46
27 83
27 203
27 138
27 209
27 145
27 157
27 213
27 26
27 159
27 182
27 212
27 9
27 186
27 100
27 200
27 207
27 104
27 3
27 222
27 80
27 216
27 58
27 235
27 66
27 7
27 282
27 72
27 45
27 189
27 258
27 87
27 74
27 178
27 82
27 266
27 34
27 55
27 196
27 251
27 101
28 154
28 64
28 22
28 247
28 161
28 27
28 198
28 44
28 82
28 113
28 207
28 100
28 242
28 93
28 111
28 21
28 204
28 265
28 80
28 196
28 183
28 63
28 76
28 126
28 98
28 287
28 19
28 165
28 60
28 199
28 233
28 281
28 156
28 215
28 157
28 127
28 217
28 188
28 228
28 257
28 224
29 91
29 11
29 1
29 250
29 238
29 120
29 228
29 234
29 242
29 204
29 54
29 34
29 65
29 183
29 220
29 187
29 46
29 226
29 258
29 261
29 20
29 66
29 42
29 160
29 40
29 27
29 193
29 69
29 13
29 33
29 56
29 99
29 67
29 251
29 147
29 84
29 113
29 179
29 129
29 81
29 165
30 140
30 233
30 73
30 130
30 257
30 245
30 106
30 134
30 259
30 121
30 163
30 190
30 18
30 101
30 93
30 206
30 82
30 142
30 167
30 192
30 86
30 135
30 58
30 271
30 24
30 184
30 231
30 284
30 266
30 53
30 129
30 274
30 201
30 188
30 74
30 169
30 41
30 226
30 117
30 90
30 151
31 264
31 129
31 158
31 160
31 0
31 17
31 113
31 76
31 148
31 221
31 213
31 262
31 186
31 24
31 67
31 250
31 116
31 23
31 11
31 27
31 1
31 181
31 155
31 54
31 267
31 182
31 273
31 114
31 211
31 154
31 68
31 104
31 187
31 243
31 81
31 7
31 124
31 230
31 49
31 32
31 74
32 138
32 205
32 135
32 5
32 28
32 287
32 179
32 227
32 265
32 252
32 127
32 84
32 0
32 22
32 31
32 272
32 12
32 207
32 95
32 121
32 81
32 29
32 53
32 6
32 282
32 100
32 72
32 211
32 102
32 259
32 212
32 89
32 260
32 158
32 32
32 153
32 24
32 244
32 275
32 3
32 192
33 223
33 238
33 41
33 231
33 89
33 115
33 53
33 133
33 118
33 19
33 63
33 171
33 134
33 26
33 136
33 283
33 267
33 135
33 151
33 111
33 43
33 259
33 7
33 86
33 120
33 103
33 81
33 167
33 98
33 199
33 168
33 122
33 194
33 274
33 240
33 241
33 271
33 3
33 13
33 119
33 157
34 108
34 200
34 39
34 87
34 74
34 16
34 13
34 57
34 54
34 82
34 176
34 72
34 14
34 15
34 21
34 70
34 34
34 23
34 33
34 186
34 102
34 273
34 196
34 126
34 105
34 104
34 17
34 44
34 147
34 244
34 51
34 67
34 50
34 150
34 163
34 172
34 216
34 133
34 10
34 179
34 131
35 144
35 24
35 188
35 164
35 257
35 243
35 147
35 15
35 211
35 223
35 265
35 50
35 177
35 240
35 275
35 110
35 46
35 87
35 0
35 268
35 103
35 27
35 2
35 178
35 251
35 48
35 94
35 253
35 263
35 133
35 81
35 145
35 109
35 118
35 255
35 84
35 56
35 41
35 287
35 53
35 167
36 182
36 48
36 205
36 202
36 44
36 216
36 12
36 190
36 105
36 155
36 134
36 219
36 279
36 256
36 87
36 194
36 119
36 235
36 64
36 272
36 17
36 178
36 167
36 267
36 79
36 230
36 283
36 165
36 86
36 237
36 224
36 131
36 118
36 171
36 236
36 121
36 259
36 98
36 136
36 154
36 126
37 167
37 267
37 178
37 82
37 120
37 96
37 132
37 52
37 84
37 100
37 196
37 77
37 75
37 154
37 152
37 222
37 140
37 55
37 54
37 143
37 105
37 198
37 237
37 17
37 6
37 204
37 223
37 113
37 256
37 151
37 11
37 72
37 131
37 207
37 2
37 124
37 220
37 215
37 117
37 92
37 63
38 232
38 221
38 160
38 133
38 50
38 214
38 124
38 204
38 80
38 128
38 216
38 247
38 233
38 10
38 209
38 265
38 93
38 167
38 5
38 199
38 250
38 54
38 19
38 278
38 111
38 82
38 102
38 178
38 51
38 277
38 104
38 243
38 262
38 8
38 189
38 267
38 175
38 210
38 107
38 94
38 200
39 263
39 62
39 182
39 28
39 129
39 140
39 195
39 204
39 31
39 6
39 38
39 214
39 215
39 180
39 135
39 55
39 114
39 155
39 205
39 269
39 112
39 200
39 236
39 108
39 84
39 66
39 35
39 98
39 240
39 287
39 115
39 74
39 211
39 239
39 150
39 280
39 64
39 181
39 117
39 136
39 192
40 129
40 218
40 95
40 246
40 1
40 143
40 183
40 125
40 154
40 164
40 245
40 248
40 219
40 43
40 185
40 78
40 155
40 197
40 29
40 166
40 71
40 271
40 176
40 7
40 5
40 107
40 36
40 150
40 128
40 51
40 73
40 119
40 231
40 177
40 106
40 206
40 273
40 85
40 46
40 280
40 152
41 101
41 253
41 109
41 271
41 40
41 224
41 59
41 284
41 60
41 135
41 214
41 119
41 71
41 242
41 252
41 285
41 29
41 247
41 239
41 73
41 251
41 126
41 255
41 84
41 276
41 3
41 82
41 164
41 254
41 151
41 238
41 191
41 218
41 38
41 92
41 184
41 14
41 10
41 23
41 169
41 48
42 261
42 247
42 248
42 73
42 17
42 109
42 212
42 64
42 173
42 48
42 187
42 174
42 242
42 269
42 283
42 107
42 145
42 222
42 175
42 216
42 128
42 26
42 148
42 149
42 181
42 252
42 206
42 170
42 257
42 139
42 259
42 176
42 104
42 60
42 169
42 98
42 162
42 153
42 65
42 44
42 20
43 204
43 283
43 207
43 279
43 25
43 153
43 55
43 3
43 23
43 97
43 243
43 30
43 256
43 278
43 192
43 75
43 42
43 108
43 20
43 234
43 89
43 51
43 92
43 18
43 215
43 6
43 188
43 71
43 158
43 287
43 132
43 154
43 94
43 17
43 163
43 10
43 220
43 27
43 254
43 267
43 60
44 215
44 207
44 228
44 34
44 7
44 198
44 79
44 243
44 211
44 280
44 52
44 42
44 241
44 108
44 77
44 218
44 2
44 4
44 62
44 45
44 111
44 66
44 9
44 141
44 124
44 230
44 95
44 25
44 187
44 74
44 43
44 150
44 285
44 255
44 235
44 130
44 26
44 16
44 5
44 31
44 40
