3 188
3 87
3 115
3 236
3 97
3 138
3 195
3 238
3 26
3 125
3 157
3 204
3 32
3 133
3 80
3 215
3 5
3 230
3 25
3 182
3 109
3 120
3 105
3 247
3 2
3 3
3 279
3 283
3 244
3 207
3 99
3 72
3 74
3 273
3 34
3 148
3 222
3 123
3 173
3 221
3 17
3 55
3 146
3 172
3 266
3 228
3 139
3 54
3 131
3 101
3 210
3 209
3 268
3 242
3 181
3 194
3 287
3 229
3 6
3 163
3 103
3 251
3 104
3 254
3 192
3 127
3 278
3 260
3 53
3 37
3 245
3 170
4 119
4 95
4 59
4 280
4 64
4 271
4 210
4 147
4 129
4 81
4 240
4 189
4 164
4 5
4 168
4 16
4 42
4 250
4 259
4 252
4 247
4 105
4 30
4 139
4 204
4 65
4 260
4 273
4 76
4 102
4 57
4 40
4 21
4 73
4 88
4 50
4 54
4 209
4 84
4 8
4 104
4 72
4 56
4 217
4 89
4 155
4 238
4 121
4 282
4 195
4 108
4 229
4 159
4 109
4 225
4 9
4 169
4 19
4 275
4 41
4 32
4 237
4 152
4 180
4 276
4 94
4 203
4 214
4 199
4 166
4 130
4 257
5 88
5 278
5 233
5 274
5 209
5 124
5 287
5 270
5 227
5 120
5 11
5 170
5 83
5 192
5 89
5 61
5 22
5 128
5 208
5 98
5 263
5 90
5 244
5 183
5 119
5 144
5 200
5 140
5 241
5 82
5 81
5 131
5 102
5 21
5 219
5 121
5 217
5 231
5 86
5 92
5 160
5 52
5 130
5 110
5 279
5 151
5 193
5 211
5 63
5 225
5 153
5 176
5 118
5 116
5 187
5 155
5 17
5 127
5 60
5 75
5 58
5 186
5 45
5 33
5 166
5 54
5 105
5 181
5 215
5 162
5 159
5 234
6 257
6 212
6 279
6 159
6 89
6 85
6 129
6 254
6 58
6 5
6 45
6 219
6 217
6 269
6 17
6 31
6 101
6 248
6 151
6 106
6 124
6 93
6 86
6 188
6 148
6 28
6 119
6 1
6 155
6 208
6 88
6 205
6 64
6 139
6 32
6 82
6 8
6 74
6 132
6 4
6 142
6 65
6 261
6 99
6 147
6 153
6 210
6 108
6 218
6 62
6 15
6 134
6 270
6 241
6 171
6 259
6 231
6 116
6 122
6 146
6 251
6 185
6 121
6 225
6 173
6 177
6 240
6 53
6 265
6 201
6 83
6 12
7 211
7 122
7 262
7 108
7 229
7 168
7 121
7 66
7 242
7 32
7 241
7 10
7 255
7 198
7 245
7 42
7 22
7 103
7 38
7 232
7 126
7 170
7 271
7 40
7 235
7 216
7 146
7 20
7 227
7 49
7 90
7 254
7 182
7 113
7 169
7 260
7 150
7 115
7 24
7 161
7 100
7 174
7 9
7 133
7 155
7 75
7 281
7 219
7 18
7 110
7 123
7 270
7 159
7 144
7 196
7 28
7 145
7 36
7 114
7 82
7 35
7 0
7 4
7 240
7 269
7 177
7 8
7 249
7 70
7 243
7 54
7 88
8 160
8 9
8 218
8 103
8 155
8 150
8 47
8 163
8 248
8 148
8 39
8 158
8 199
8 32
8 204
8 188
8 12
8 116
8 40
8 86
8 74
8 17
8 267
8 168
8 231
8 19
8 223
8 189
8 129
8 115
8 57
8 64
8 125
8 279
8 58
8 224
8 134
8 211
8 146
8 147
8 250
8 84
8 27
8 278
8 78
8 119
8 152
8 141
8 264
8 123
8 159
8 287
8 171
8 280
8 241
8 183
8 239
8 135
8 198
8 140
8 121
8 184
8 41
8 207
8 83
8 220
8 265
8 45
8 4
8 126
8 266
8 191
9 101
9 266
9 51
9 136
9 8
9 275
9 111
9 14
9 163
9 76
9 204
9 226
9 193
9 228
9 65
9 252
9 245
9 12
9 117
9 18
9 7
9 114
9 185
9 216
9 106
9 103
9 108
9 124
9 254
9 280
9 248
9 171
9 107
9 196
9 154
9 149
9 179
9 156
9 244
9 285
9 235
9 269
9 212
9 140
9 223
9 79
9 259
9 128
9 89
9 24
9 270
9 192
9 159
9 208
9 60
9 91
9 104
9 99
9 53
9 97
9 281
9 70
9 170
9 274
9 251
9 249
9 162
9 143
9 120
9 15
9 258
9 122
10 50
10 281
10 18
10 260
10 202
10 51
10 225
10 6
10 79
10 89
10 64
10 90
10 65
10 178
10 218
10 118
10 180
10 33
10 145
10 76
10 108
10 48
10 190
10 123
10 264
10 132
10 255
10 113
10 186
10 26
10 231
10 157
10 40
10 235
10 131
10 69
10 36
10 156
10 265
10 7
10 134
10 185
10 209
10 172
10 45
10 16
10 160
10 262
10 184
10 100
10 112
10 37
10 268
10 207
10 210
10 241
10 220
10 60
10 154
10 35
10 169
10 27
10 173
10 261
10 80
10 97
10 227
10 137
10 13
10 197
10 58
10 143
11 238
11 282
11 97
11 55
11 8
11 80
11 212
11 244
11 132
11 182
11 141
11 236
11 200
11 210
11 118
11 152
11 52
11 49
11 24
11 50
11 11
11 196
11 198
11 218
11 153
11 145
11 270
11 10
11 230
11 45
11 77
11 148
11 88
11 106
11 183
11 160
11 34
11 280
11 54
11 124
11 184
11 126
11 30
11 68
11 22
11 204
11 72
11 15
11 114
11 229
11 287
11 177
11 163
11 269
11 276
11 29
11 266
11 172
11 142
11 62
11 111
11 168
11 171
11 209
11 173
11 37
11 140
11 48
11 251
11 242
11 246
11 156
12 101
12 222
12 157
12 144
12 73
12 183
12 19
12 108
12 58
12 114
12 131
12 88
12 122
12 217
12 56
12 156
12 164
12 31
12 67
12 189
12 242
12 26
12 213
12 140
12 102
12 123
12 59
12 168
12 185
12 258
12 79
12 100
12 153
12 49
12 211
12 206
12 187
12 266
12 42
12 215
12 80
12 2
12 87
12 17
12 186
12 12
12 57
12 254
12 204
12 268
12 61
12 228
12 218
12 27
12 219
12 152
12 179
12 200
12 34
12 237
12 182
12 127
12 4
12 134
12 193
12 235
12 175
12 238
12 196
12 33
12 44
12 280
13 19
13 180
13 246
13 26
13 121
13 132
13 47
13 259
13 127
13 53
13 46
13 217
13 133
13 261
13 181
13 108
13 275
13 161
13 257
13 7
13 146
13 186
13 284
13 218
13 194
13 131
13 93
13 73
13 224
13 101
13 40
13 58
13 105
13 18
13 171
13 139
13 280
13 67
13 6
13 79
13 83
13 248
13 270
13 203
13 208
13 229
13 59
13 269
13 140
13 102
13 256
13 3
13 39
13 92
13 14
13 28
13 52
13 65
13 285
13 104
13 160
13 223
13 81
13 207
13 149
13 112
13 199
13 128
13 265
13 226
13 122
13 87
14 56
14 221
14 26
14 166
14 78
14 245
14 197
14 252
14 217
14 95
14 84
14 163
14 264
14 27
14 262
14 85
14 91
14 231
14 263
14 122
14 145
14 213
14 181
14 148
14 80
14 201
14 96
14 30
14 173
14 206
14 2
14 236
14 100
14 248
14 167
14 49
14 103
14 73
14 112
14 61
14 94
14 141
14 118
14 99
14 134
14 38
14 133
14 51
14 184
14 195
14 214
14 258
14 108
14 204
14 193
14 62
14 7
14 286
14 241
14 233
14 50
14 280
14 39
14 16
14 67
14 190
14 157
14 168
14 3
14 47
14 246
14 77
15 195
15 108
15 192
15 209
15 113
15 272
15 126
15 64
15 252
15 25
15 163
15 141
15 71
15 201
15 263
15 150
15 153
15 105
15 44
15 125
15 273
15 144
15 94
15 100
15 3
15 139
15 184
15 38
15 182
15 160
15 254
15 268
15 222
15 138
15 115
15 278
15 276
15 132
15 146
15 137
15 176
15 136
15 8
15 37
15 103
15 134
15 93
15 169
15 91
15 96
15 194
15 133
15 128
15 225
15 4
15 261
15 183
15 68
15 6
15 204
15 243
15 124
15 18
15 106
15 0
15 80
15 193
15 62
15 178
15 207
15 187
15 12
16 228
16 183
16 6
16 260
16 201
16 34
16 97
16 41
16 113
16 196
16 154
16 162
16 29
16 250
16 193
16 151
16 220
16 60
16 247
16 262
16 20
16 75
16 72
16 86
16 13
16 93
16 259
16 79
16 35
16 31
16 51
16 142
16 243
16 194
16 24
16 78
16 199
16 169
16 192
16 3
16 215
16 12
16 109
16 32
16 47
16 76
16 73
16 105
16 119
16 19
16 210
16 146
16 160
16 54
16 184
16 181
16 209
16 287
16 106
16 49
16 129
16 278
16 187
16 280
16 135
16 138
16 237
16 268
16 11
16 244
16 186
16 234
17 113
17 31
17 54
17 257
17 28
17 0
17 80
17 256
17 199
17 144
17 106
17 13
17 133
17 128
17 134
17 229
17 116
17 97
17 15
17 237
17 132
17 249
17 149
17 5
17 213
17 38
17 282
17 264
17 129
17 32
17 78
17 269
17 139
17 214
17 153
17 222
17 221
17 268
17 19
17 120
17 183
17 123
17 10
17 63
17 51
17 195
17 219
17 251
17 45
17 16
17 152
17 48
17 110
17 160
17 52
17 36
17 218
17 61
17 163
17 7
17 108
17 83
17 210
17 187
17 57
17 79
17 42
17 283
17 200
17 191
17 271
17 9
18 107
18 163
18 144
18 139
18 132
18 183
18 256
18 110
18 101
18 122
18 239
18 113
18 61
18 130
18 98
18 26
18 140
18 99
18 32
18 248
18 226
18 125
18 258
18 85
18 262
18 29
18 211
18 102
18 182
18 9
18 93
18 206
18 161
18 112
18 137
18 236
18 198
18 274
18 31
18 177
18 229
18 20
18 51
18 151
18 224
18 237
18 16
18 282
18 27
18 232
18 147
18 251
18 119
18 172
18 23
18 76
18 72
18 7
18 19
18 65
18 164
18 134
18 111
18 13
18 209
18 74
18 171
18 57
18 242
18 116
18 28
18 73
19 248
19 195
19 2
19 107
19 29
19 140
19 280
19 88
19 237
19 183
19 117
19 153
19 258
19 133
19 93
19 150
19 30
19 7
19 41
19 217
19 240
19 53
19 38
19 79
19 1
19 81
19 78
19 252
19 193
19 34
19 39
19 3
19 13
19 152
19 12
19 47
19 129
19 43
19 60
19 0
19 46
19 62
19 67
19 207
19 218
19 260
19 89
19 100
19 72
19 91
19 90
19 205
19 238
19 179
19 73
19 272
19 219
19 134
19 37
19 270
19 95
19 226
19 145
19 190
19 175
19 109
19 80
19 40
19 57
19 56
19 54
19 156
20 248
20 132
20 93
20 41
20 170
20 26
20 64
20 96
20 87
20 62
20 121
20 70
20 185
20 61
20 118
20 36
20 151
20 99
20 283
20 101
20 274
20 47
20 133
20 264
20 56
20 175
20 266
20 135
20 145
20 218
20 105
20 263
20 146
20 271
20 214
20 285
20 156
20 164
20 20
20 227
20 42
20 23
20 275
20 235
20 139
20 217
20 148
20 86
20 230
20 130
20 279
20 224
20 200
20 115
20 211
20 173
20 225
20 210
20 69
20 14
20 169
20 206
20 59
20 143
20 19
20 255
20 25
20 284
20 157
20 4
20 18
20 58
21 173
21 197
21 2
21 90
21 218
21 199
21 128
21 34
21 161
21 92
21 52
21 81
21 147
21 223
21 28
21 231
21 138
21 186
21 75
21 265
21 168
21 96
21 42
21 71
21 101
21 160
21 15
21 220
21 143
21 253
21 228
21 167
21 193
21 224
21 189
21 157
21 209
21 256
21 11
21 234
21 44
21 284
21 124
21 251
21 18
21 139
21 229
21 14
21 165
21 245
21 191
21 118
21 60
21 88
21 80
21 206
21 207
21 132
21 22
21 263
21 5
21 232
21 87
21 178
21 33
21 222
21 141
21 77
21 203
21 116
21 35
21 53
22 62
22 17
22 286
22 275
22 240
22 25
22 0
22 100
22 187
22 71
22 273
22 39
22 48
22 254
22 113
22 130
22 215
22 27
22 41
22 178
22 157
22 121
22 158
22 276
22 278
22 143
22 20
22 229
22 154
22 6
22 194
22 277
22 133
22 160
22 176
22 248
22 72
22 212
22 173
22 267
22 16
22 171
22 127
22 75
22 109
22 80
22 266
22 108
22 99
22 205
22 234
22 263
22 199
22 131
22 200
22 256
22 211
22 238
22 155
22 142
22 105
22 207
22 103
22 270
22 104
22 251
22 198
22 149
22 233
22 235
22 203
22 180
23 90
23 246
23 112
23 188
23 268
23 86
23 274
23 160
23 139
23 31
23 77
23 283
23 206
23 119
23 254
23 272
23 34
23 247
23 15
23 143
23 6
23 35
23 142
23 33
23 58
23 228
23 126
23 36
23 124
23 241
23 255
23 146
23 74
23 61
23 178
23 198
23 277
23 95
23 79
23 155
23 145
23 203
23 248
23 84
23 147
23 107
23 258
23 195
23 29
23 12
23 73
23 62
23 156
23 169
23 57
23 271
23 56
23 80
23 37
23 192
23 131
23 53
23 276
23 262
23 98
23 239
23 250
23 54
23 63
23 1
23 269
23 207
24 258
24 114
24 206
24 140
24 272
24 199
24 79
24 186
24 273
24 267
24 105
24 59
24 217
24 274
24 167
24 100
24 95
24 125
24 41
24 253
24 8
24 63
24 283
24 246
24 138
24 70
24 244
24 83
24 30
24 228
24 282
24 278
24 254
24 225
24 7
24 142
24 69
24 164
24 10
24 201
24 158
24 196
24 266
24 99
24 40
24 118
24 68
24 219
24 131
24 13
24 127
24 42
24 144
24 222
24 248
24 90
24 111
24 145
24 280
24 250
24 209
24 188
24 32
24 216
24 230
24 232
24 12
24 50
24 252
24 153
24 240
24 132
25 178
25 111
25 103
25 245
25 262
25 12
25 207
25 149
25 167
25 36
25 187
25 216
25 7
25 256
25 174
25 193
25 164
25 157
25 71
25 249
25 73
25 117
25 137
25 76
25 255
25 142
25 204
25 226
25 143
25 119
25 161
25 131
25 93
25 202
25 80
25 47
25 85
25 102
25 70
25 146
25 74
25 13
25 200
25 114
25 172
25 251
25 229
25 95
25 279
25 44
25 281
25 170
25 272
25 286
25 72
25 55
25 0
25 153
25 283
25 1
25 40
25 96
25 67
25 148
25 106
25 266
25 258
25 275
25 46
25 126
25 209
25 248
26 78
26 124
26 113
26 183
26 168
26 18
26 61
26 115
26 77
26 147
26 137
26 172
26 19
26 237
26 26
26 194
26 149
26 131
26 226
26 109
26 174
26 32
26 144
26 116
26 224
26 55
26 139
26 122
26 107
26 22
26 154
26 87
26 36
26 82
26 225
26 160
26 123
26 69
26 97
26 48
26 80
26 126
26 169
26 228
26 140
26 184
26 68
26 150
26 134
26 253
26 75
26 96
26 210
26 173
26 198
26 286
26 179
26 16
26 189
26 143
26 269
26 157
26 152
26 100
26 244
26 222
26 284
26 72
26 38
26 3
26 188
26 142
27 0
27 262
27 197
27 16
27 186
27 138
27 273
27 232
27 247
27 91
27 199
27 140
27 193
27 234
27 274
27 114
27 27
27 195
27 181
27 41
27 124
27 99
27 69
27 36
27 119
27 187
27 217
27 259
27 257
27 104
27 125
27 261
27 128
27 129
27 223
27 174
27 207
27 18
27 201
27 59
27 156
27 68
27 263
27 280
27 109
27 13
27 10
27 282
27 164
27 32
27 173
27 9
27 237
27 284
27 147
27 152
27 80
27 165
27 118
27 42
27 239
27 14
27 15
27 255
27 149
27 97
27 256
27 70
27 100
27 71
27 251
27 116
28 153
28 108
28 172
28 8
28 34
28 257
28 189
28 44
28 226
28 93
28 36
28 284
28 180
28 147
28 158
28 29
28 128
28 38
28 139
28 132
28 193
28 86
28 43
28 109
28 45
28 250
28 72
28 41
28 133
28 119
28 229
28 210
28 199
28 122
28 225
28 237
28 124
28 103
28 165
28 111
28 52
28 152
28 272
28 206
28 67
28 11
28 138
28 148
28 164
28 169
28 190
28 203
28 166
28 25
28 74
28 170
28 246
28 39
28 239
28 64
28 184
28 21
28 118
28 268
28 130
28 181
28 286
28 244
28 207
28 187
28 254
28 99
29 17
29 31
29 98
29 114
29 185
29 238
29 270
29 256
29 1
29 163
29 267
29 165
29 259
29 280
29 258
29 187
29 95
29 13
29 120
29 40
29 210
29 239
29 152
29 123
29 261
29 18
29 245
29 176
29 112
29 204
29 93
29 250
29 168
29 180
29 16
29 147
29 142
29 108
29 194
29 62
29 25
29 53
29 88
29 214
29 51
29 174
29 215
29 101
29 7
29 41
29 0
29 262
29 33
29 159
29 178
29 212
29 117
29 125
29 65
29 78
29 82
29 106
29 287
29 234
29 22
29 193
29 244
29 255
29 127
29 8
29 150
29 10
30 252
30 287
30 213
30 180
30 57
30 115
30 3
30 18
30 84
30 119
30 33
30 117
30 43
30 61
30 210
30 244
30 234
30 4
30 173
30 146
30 50
30 95
30 45
30 163
30 230
30 160
30 85
30 71
30 161
30 165
30 28
30 17
30 155
30 74
30 144
30 39
30 177
30 186
30 103
30 96
30 148
30 122
30 253
30 269
30 188
30 100
30 205
30 48
30 78
30 23
30 26
30 63
30 9
30 184
30 135
30 199
30 171
30 182
30 217
30 159
30 32
30 42
30 89
30 83
30 260
30 125
30 162
30 220
30 55
30 138
30 80
30 141
31 48
31 282
31 187
31 24
31 267
31 31
31 142
31 112
31 205
31 104
31 153
31 25
31 83
31 93
31 39
31 43
31 245
31 10
31 270
31 286
31 33
31 144
31 273
31 249
31 202
31 135
31 255
31 280
31 115
31 133
31 208
31 206
31 107
31 172
31 73
31 271
31 126
31 176
31 95
31 7
31 189
31 163
31 21
31 182
31 87
31 5
31 35
31 125
31 82
31 116
31 4
31 218
31 285
31 94
31 261
31 2
31 54
31 23
31 41
31 81
31 207
31 194
31 283
31 253
31 38
31 60
31 16
31 90
31 88
31 151
31 124
31 59
32 61
32 241
32 42
32 216
32 36
32 90
32 220
32 272
32 57
32 58
32 235
32 83
32 48
32 125
32 19
32 122
32 46
32 93
32 146
32 45
32 81
32 62
32 174
32 6
32 131
32 75
32 110
32 172
32 96
32 103
32 44
32 78
32 207
32 251
32 278
32 287
32 100
32 238
32 203
32 141
32 232
32 217
32 223
32 271
32 92
32 72
32 192
32 286
32 239
32 7
32 67
32 37
32 158
32 87
32 153
32 68
32 43
32 14
32 73
32 24
32 137
32 102
32 273
32 171
32 136
32 135
32 187
32 212
32 170
32 266
32 39
32 255
33 279
33 167
33 254
33 178
33 243
33 78
33 184
33 189
33 278
33 9
33 22
33 214
33 46
33 129
33 17
33 209
33 137
33 81
33 128
33 2
33 205
33 23
33 287
33 56
33 228
33 260
33 231
33 280
33 107
33 141
33 164
33 113
33 273
33 223
33 101
33 93
33 28
33 250
33 274
33 74
33 57
33 155
33 80
33 6
33 238
33 177
33 20
33 226
33 124
33 100
33 217
33 185
33 142
33 261
33 36
33 50
33 176
33 112
33 83
33 40
33 277
33 149
33 127
33 24
33 259
33 38
33 90
33 241
33 144
33 153
33 188
33 96
34 281
34 42
34 279
34 147
34 100
34 23
34 125
34 188
34 29
34 55
34 213
34 169
34 230
34 141
34 239
34 19
34 24
34 128
34 130
34 45
34 256
34 153
34 157
34 222
34 280
34 83
34 225
34 99
34 138
34 10
34 51
34 287
34 104
34 84
34 133
34 38
34 246
34 156
34 155
34 20
34 187
34 278
34 191
34 190
34 102
34 286
34 146
34 164
34 60
34 254
34 112
34 25
34 63
34 220
34 119
34 251
34 135
34 269
34 179
34 7
34 217
34 31
34 260
34 108
34 6
34 206
34 11
34 61
34 124
34 229
34 215
34 180
35 144
35 134
35 184
35 186
35 272
35 204
35 70
35 133
35 241
35 172
35 194
35 217
35 45
35 48
35 229
35 113
35 105
35 165
35 14
35 234
35 85
35 46
35 51
35 261
35 282
35 235
35 141
35 25
35 136
35 150
35 196
35 227
35 73
35 31
35 270
35 117
35 264
35 83
35 63
35 110
35 151
35 41
35 249
35 284
35 108
35 66
35 6
35 129
35 115
35 132
35 192
35 267
35 236
35 9
35 244
35 239
35 238
35 231
35 260
35 130
35 177
35 214
35 179
35 120
35 114
35 52
35 201
35 159
35 2
35 240
35 122
35 3
36 77
36 193
36 194
36 169
36 210
36 114
36 104
36 16
36 7
36 13
36 276
36 233
36 255
36 236
36 238
36 207
36 175
36 42
36 32
36 133
36 189
36 164
36 123
36 66
36 57
36 71
36 146
36 29
36 198
36 158
36 272
36 141
36 20
36 2
36 84
36 253
36 36
36 94
36 190
36 52
36 271
36 196
36 153
36 25
36 37
36 89
36 157
36 124
36 83
36 12
36 44
36 270
36 9
36 28
36 224
36 72
36 254
36 258
36 159
36 241
36 110
36 263
36 145
36 6
36 59
36 19
36 256
36 43
36 99
36 134
36 227
36 177
37 191
37 203
37 283
37 274
37 25
37 224
37 246
37 119
37 145
37 154
37 76
37 91
37 163
37 74
37 106
37 133
37 286
37 20
37 138
37 7
37 185
37 17
37 178
37 241
37 186
37 242
37 213
37 265
37 259
37 199
37 122
37 142
37 126
37 214
37 58
37 87
37 182
37 135
37 235
37 28
37 196
37 268
37 277
37 125
37 216
37 102
37 149
37 47
37 38
37 29
37 287
37 247
37 14
37 92
37 232
37 273
37 131
37 275
37 253
37 263
37 284
37 57
37 27
37 255
37 190
37 53
37 89
37 226
37 285
37 35
37 184
37 114
38 138
38 67
38 173
38 212
38 134
38 145
38 40
38 68
38 257
38 160
38 116
38 95
38 198
38 245
38 286
38 51
38 281
38 91
38 52
38 172
38 280
38 148
38 25
38 282
38 140
38 273
38 106
38 248
38 133
38 13
38 255
38 203
38 158
38 224
38 220
38 141
38 124
38 71
38 88
38 28
38 43
38 230
38 184
38 238
38 85
38 274
38 269
38 3
38 98
38 108
38 228
38 193
38 240
38 179
38 183
38 81
38 233
38 249
38 66
38 226
38 154
38 20
38 60
38 243
38 169
38 50
38 283
38 56
38 110
38 209
38 142
38 136
39 153
39 26
39 122
39 272
39 89
39 240
39 246
39 40
39 23
39 237
39 33
39 172
39 226
39 12
39 171
39 73
39 74
39 149
39 221
39 228
39 242
39 217
39 173
39 98
39 262
39 8
39 137
39 78
39 50
39 161
39 68
39 203
39 19
39 206
39 154
39 54
39 124
39 255
39 114
39 274
39 27
39 250
39 175
39 236
39 36
39 17
39 37
39 87
39 275
39 57
39 196
39 248
39 169
39 79
39 174
39 1
39 104
39 141
39 86
39 29
39 182
39 235
39 80
39 61
39 64
39 233
39 243
39 157
39 181
39 102
39 156
39 18
40 138
40 202
40 282
40 146
40 168
40 270
40 134
40 280
40 116
40 115
40 209
40 160
40 234
40 4
40 257
40 244
40 41
40 263
40 30
40 148
40 10
40 40
40 227
40 200
40 82
40 284
40 246
40 207
40 43
40 84
40 125
40 1
40 224
40 222
40 126
40 19
40 120
40 50
40 85
40 152
40 37
40 211
40 225
40 144
40 219
40 95
40 240
40 274
40 275
40 265
40 161
40 248
40 172
40 145
40 7
40 13
40 259
40 54
40 237
40 205
40 141
40 131
40 221
40 69
40 171
40 83
40 23
40 51
40 190
40 90
40 155
40 201
41 108
41 122
41 115
41 89
41 238
41 187
41 165
41 93
41 47
41 207
41 275
41 118
41 70
41 199
41 129
41 182
41 100
41 117
41 276
41 235
41 221
41 41
41 64
41 282
41 71
41 184
41 270
41 174
41 274
41 96
41 4
41 222
41 259
41 277
41 73
41 32
41 164
41 130
41 202
41 188
41 146
41 60
41 208
41 101
41 244
41 132
41 52
41 17
41 258
41 84
41 128
41 287
41 135
41 266
41 286
41 148
41 267
41 198
41 176
41 42
41 268
41 112
41 8
41 133
41 124
41 27
41 227
41 172
41 62
41 24
41 255
41 192
42 98
42 280
42 134
42 133
42 112
42 155
42 255
42 150
42 230
42 144
42 65
42 102
42 41
42 100
42 225
42 272
42 156
42 205
42 242
42 164
42 71
42 179
42 31
42 260
42 143
42 216
42 96
42 15
42 48
42 160
42 115
42 271
42 52
42 232
42 28
42 2
42 217
42 278
42 72
42 27
42 3
42 151
42 110
42 209
42 218
42 57
42 183
42 226
42 140
42 12
42 283
42 149
42 223
42 204
42 93
42 124
42 97
42 10
42 94
42 159
42 241
42 285
42 21
42 64
42 32
42 270
42 22
42 14
42 122
42 224
42 24
42 4
43 202
43 87
43 236
43 194
43 55
43 189
43 173
43 212
43 242
43 137
43 58
43 219
43 18
43 159
43 205
43 185
43 11
43 164
43 76
43 5
43 258
43 149
43 60
43 99
43 193
43 64
43 77
43 111
43 170
43 28
43 179
43 181
43 119
43 29
43 27
43 240
43 70
43 203
43 122
43 247
43 135
43 263
43 68
43 85
43 269
43 74
43 167
43 157
43 92
43 158
43 109
43 271
43 155
43 120
43 246
43 44
43 131
43 234
43 209
43 198
43 41
43 138
43 285
43 3
43 215
43 201
43 86
43 171
43 110
43 40
43 272
43 281
44 82
44 52
44 157
44 85
44 113
44 278
44 136
44 213
44 218
44 130
44 92
44 183
44 50
44 98
44 217
44 84
44 285
44 265
44 164
44 235
44 240
44 16
44 97
44 272
44 232
44 76
44 35
44 117
44 111
44 222
44 192
44 94
44 31
44 169
44 252
44 78
44 203
44 202
44 159
44 263
44 190
44 47
44 3
44 270
44 121
44 135
44 143
44 239
44 112
44 69
44 177
44 215
44 88
44 61
44 53
44 260
44 237
44 160
44 25
44 149
44 23
44 70
44 234
44 115
44 223
44 279
44 214
44 195
44 163
44 57
44 60
44 10
