3 4
3 7
3 9
3 11
3 13
3 14
3 16
3 20
3 27
3 29
3 30
3 33
3 37
3 39
3 43
3 47
3 50
3 54
3 55
3 61
3 63
3 64
3 65
3 69
3 71
3 73
3 74
3 76
3 79
3 85
3 90
3 91
3 93
3 110
3 115
3 117
3 118
3 127
3 131
3 136
3 141
3 143
3 144
3 145
3 154
3 162
3 163
3 164
3 170
3 184
3 195
3 196
3 197
3 202
3 204
3 205
3 208
3 211
3 214
3 217
3 221
3 222
3 224
3 234
3 237
3 243
3 252
3 270
3 272
3 276
3 283
3 284
4 15
4 21
4 32
4 36
4 41
4 42
4 49
4 50
4 60
4 62
4 77
4 78
4 79
4 84
4 90
4 91
4 92
4 93
4 98
4 108
4 109
4 112
4 115
4 116
4 118
4 119
4 121
4 122
4 123
4 126
4 127
4 132
4 138
4 141
4 143
4 145
4 149
4 150
4 155
4 157
4 166
4 168
4 180
4 181
4 182
4 185
4 193
4 194
4 196
4 201
4 204
4 206
4 210
4 213
4 223
4 225
4 228
4 230
4 235
4 240
4 242
4 247
4 251
4 252
4 254
4 256
4 261
4 262
4 265
4 277
4 280
4 282
5 7
5 8
5 12
5 13
5 20
5 22
5 26
5 27
5 32
5 33
5 34
5 36
5 43
5 44
5 45
5 54
5 60
5 76
5 81
5 82
5 84
5 88
5 91
5 92
5 94
5 95
5 97
5 99
5 100
5 113
5 119
5 126
5 135
5 138
5 140
5 141
5 155
5 157
5 158
5 160
5 161
5 163
5 165
5 167
5 177
5 179
5 187
5 189
5 190
5 192
5 197
5 199
5 205
5 211
5 216
5 218
5 224
5 234
5 241
5 248
5 250
5 253
5 255
5 261
5 262
5 263
5 269
5 271
5 273
5 275
5 278
5 285
6 6
6 8
6 10
6 13
6 17
6 19
6 24
6 27
6 31
6 34
6 42
6 44
6 45
6 46
6 47
6 61
6 78
6 79
6 81
6 82
6 86
6 88
6 98
6 102
6 103
6 105
6 113
6 119
6 125
6 128
6 129
6 135
6 138
6 139
6 140
6 141
6 144
6 145
6 146
6 148
6 149
6 151
6 156
6 164
6 181
6 189
6 191
6 197
6 198
6 206
6 207
6 212
6 214
6 215
6 220
6 230
6 231
6 234
6 240
6 241
6 247
6 253
6 261
6 266
6 267
6 271
6 272
6 275
6 278
6 280
6 281
6 287
7 3
7 11
7 13
7 34
7 37
7 38
7 41
7 42
7 44
7 45
7 46
7 48
7 57
7 65
7 74
7 75
7 77
7 78
7 82
7 87
7 89
7 94
7 95
7 102
7 108
7 109
7 111
7 114
7 118
7 122
7 123
7 124
7 125
7 126
7 128
7 129
7 133
7 137
7 138
7 143
7 147
7 148
7 149
7 153
7 155
7 163
7 166
7 170
7 177
7 178
7 179
7 180
7 186
7 197
7 212
7 221
7 228
7 234
7 243
7 244
7 245
7 247
7 248
7 252
7 254
7 260
7 263
7 268
7 269
7 276
7 277
7 284
8 5
8 7
8 9
8 10
8 12
8 16
8 17
8 25
8 26
8 29
8 35
8 43
8 46
8 48
8 50
8 58
8 66
8 71
8 75
8 79
8 85
8 87
8 94
8 98
8 99
8 102
8 104
8 116
8 117
8 120
8 121
8 126
8 128
8 141
8 142
8 148
8 155
8 157
8 165
8 167
8 172
8 174
8 176
8 182
8 186
8 190
8 203
8 204
8 205
8 207
8 209
8 212
8 215
8 217
8 219
8 220
8 221
8 225
8 227
8 228
8 234
8 236
8 238
8 240
8 246
8 257
8 258
8 266
8 273
8 276
8 279
8 281
9 0
9 3
9 4
9 8
9 10
9 16
9 19
9 24
9 25
9 28
9 32
9 34
9 39
9 47
9 52
9 53
9 54
9 61
9 63
9 65
9 67
9 69
9 75
9 76
9 78
9 80
9 84
9 87
9 90
9 94
9 95
9 97
9 100
9 106
9 109
9 112
9 120
9 132
9 133
9 135
9 137
9 141
9 146
9 150
9 170
9 172
9 177
9 179
9 198
9 202
9 205
9 213
9 223
9 227
9 228
9 229
9 230
9 231
9 238
9 243
9 246
9 251
9 258
9 260
9 261
9 266
9 267
9 272
9 273
9 275
9 277
9 282
10 0
10 4
10 6
10 9
10 16
10 23
10 25
10 26
10 29
10 33
10 40
10 41
10 42
10 53
10 55
10 56
10 65
10 67
10 73
10 86
10 88
10 96
10 97
10 98
10 107
10 110
10 111
10 113
10 114
10 116
10 122
10 125
10 128
10 132
10 134
10 136
10 139
10 142
10 143
10 148
10 150
10 155
10 164
10 165
10 170
10 171
10 179
10 181
10 186
10 189
10 193
10 200
10 203
10 205
10 212
10 217
10 220
10 225
10 227
10 228
10 237
10 242
10 251
10 263
10 264
10 266
10 269
10 271
10 276
10 280
10 284
10 287
11 0
11 5
11 11
11 14
11 19
11 29
11 34
11 39
11 41
11 45
11 46
11 47
11 48
11 53
11 64
11 67
11 73
11 77
11 78
11 82
11 89
11 93
11 96
11 99
11 106
11 107
11 109
11 111
11 114
11 115
11 117
11 121
11 122
11 128
11 135
11 139
11 141
11 153
11 166
11 171
11 176
11 177
11 179
11 180
11 187
11 188
11 192
11 194
11 196
11 200
11 204
11 210
11 213
11 214
11 216
11 219
11 221
11 224
11 225
11 231
11 235
11 236
11 240
11 252
11 260
11 263
11 271
11 273
11 274
11 276
11 281
11 286
12 2
12 4
12 6
12 7
12 11
12 15
12 28
12 29
12 39
12 40
12 41
12 45
12 47
12 49
12 53
12 59
12 60
12 62
12 63
12 66
12 72
12 79
12 84
12 87
12 89
12 90
12 92
12 103
12 106
12 107
12 108
12 110
12 112
12 114
12 119
12 125
12 137
12 141
12 145
12 146
12 148
12 150
12 155
12 158
12 165
12 168
12 169
12 191
12 192
12 193
12 196
12 200
12 204
12 208
12 209
12 210
12 218
12 221
12 224
12 228
12 231
12 234
12 235
12 239
12 241
12 242
12 250
12 254
12 256
12 263
12 268
12 287
13 0
13 9
13 10
13 13
13 18
13 22
13 24
13 26
13 29
13 33
13 40
13 41
13 44
13 52
13 57
13 59
13 62
13 64
13 69
13 84
13 90
13 92
13 94
13 95
13 104
13 105
13 107
13 117
13 127
13 128
13 131
13 134
13 138
13 144
13 145
13 147
13 150
13 155
13 157
13 159
13 166
13 167
13 171
13 173
13 174
13 181
13 182
13 185
13 187
13 191
13 192
13 193
13 194
13 198
13 207
13 213
13 219
13 226
13 227
13 238
13 243
13 245
13 247
13 252
13 257
13 262
13 268
13 269
13 272
13 279
13 282
13 286
14 17
14 21
14 27
14 29
14 31
14 39
14 40
14 41
14 43
14 44
14 46
14 49
14 55
14 56
14 63
14 67
14 75
14 82
14 83
14 85
14 87
14 90
14 92
14 94
14 97
14 99
14 112
14 113
14 116
14 117
14 126
14 130
14 137
14 139
14 146
14 152
14 165
14 166
14 169
14 173
14 174
14 177
14 191
14 194
14 198
14 199
14 208
14 212
14 213
14 214
14 219
14 222
14 224
14 230
14 234
14 235
14 239
14 250
14 252
14 254
14 257
14 263
14 267
14 268
14 270
14 273
14 275
14 276
14 278
14 283
14 284
14 285
15 1
15 12
15 13
15 14
15 18
15 23
15 27
15 28
15 30
15 35
15 37
15 41
15 42
15 46
15 53
15 55
15 57
15 72
15 76
15 78
15 85
15 91
15 92
15 94
15 96
15 100
15 104
15 108
15 109
15 111
15 116
15 118
15 120
15 122
15 129
15 135
15 136
15 138
15 143
15 146
15 149
15 150
15 152
15 153
15 154
15 155
15 158
15 159
15 167
15 169
15 170
15 183
15 192
15 198
15 200
15 201
15 206
15 209
15 215
15 217
15 218
15 222
15 227
15 230
15 232
15 239
15 240
15 244
15 263
15 272
15 274
15 278
16 1
16 2
16 11
16 24
16 29
16 32
16 33
16 35
16 40
16 46
16 47
16 51
16 53
16 55
16 58
16 59
16 67
16 68
16 70
16 74
16 76
16 79
16 82
16 87
16 89
16 105
16 109
16 113
16 121
16 127
16 129
16 133
16 134
16 135
16 136
16 151
16 153
16 154
16 155
16 156
16 158
16 159
16 167
16 173
16 179
16 185
16 186
16 188
16 193
16 198
16 201
16 206
16 208
16 209
16 210
16 224
16 226
16 229
16 233
16 236
16 237
16 241
16 249
16 253
16 255
16 258
16 259
16 260
16 270
16 272
16 273
16 283
17 1
17 2
17 12
17 14
17 21
17 22
17 24
17 27
17 34
17 40
17 43
17 59
17 61
17 63
17 71
17 73
17 77
17 86
17 88
17 93
17 99
17 102
17 105
17 109
17 116
17 119
17 120
17 122
17 123
17 136
17 139
17 141
17 144
17 145
17 146
17 151
17 152
17 154
17 161
17 168
17 177
17 179
17 181
17 183
17 184
17 187
17 195
17 197
17 198
17 201
17 211
17 215
17 224
17 226
17 228
17 230
17 231
17 235
17 249
17 251
17 254
17 260
17 261
17 263
17 265
17 267
17 268
17 269
17 270
17 271
17 273
17 278
18 3
18 4
18 9
18 10
18 14
18 15
18 16
18 17
18 18
18 19
18 26
18 27
18 34
18 35
18 50
18 55
18 62
18 63
18 64
18 74
18 76
18 89
18 94
18 97
18 98
18 99
18 104
18 108
18 111
18 114
18 128
18 131
18 144
18 148
18 149
18 155
18 157
18 160
18 162
18 163
18 164
18 174
18 175
18 186
18 187
18 189
18 190
18 191
18 196
18 206
18 207
18 209
18 212
18 214
18 221
18 225
18 231
18 232
18 233
18 239
18 242
18 244
18 245
18 248
18 253
18 260
18 261
18 266
18 267
18 268
18 269
18 287
19 0
19 8
19 12
19 14
19 19
19 21
19 24
19 29
19 32
19 45
19 49
19 51
19 52
19 54
19 55
19 56
19 60
19 61
19 62
19 65
19 68
19 70
19 73
19 81
19 84
19 89
19 93
19 100
19 104
19 107
19 109
19 113
19 114
19 115
19 116
19 122
19 123
19 130
19 131
19 135
19 138
19 142
19 144
19 147
19 151
19 154
19 156
19 162
19 165
19 172
19 174
19 175
19 179
19 181
19 190
19 192
19 198
19 206
19 211
19 212
19 221
19 228
19 240
19 247
19 254
19 255
19 256
19 264
19 266
19 267
19 275
19 282
20 6
20 8
20 11
20 15
20 18
20 19
20 41
20 42
20 45
20 54
20 58
20 60
20 65
20 69
20 72
20 73
20 75
20 77
20 81
20 82
20 83
20 84
20 88
20 96
20 107
20 110
20 111
20 113
20 117
20 118
20 119
20 120
20 121
20 122
20 123
20 126
20 130
20 132
20 144
20 145
20 149
20 158
20 165
20 168
20 175
20 179
20 183
20 191
20 195
20 196
20 200
20 208
20 210
20 211
20 213
20 214
20 216
20 220
20 222
20 239
20 240
20 243
20 247
20 249
20 254
20 256
20 266
20 270
20 274
20 278
20 283
20 286
21 1
21 8
21 9
21 10
21 14
21 23
21 30
21 41
21 42
21 44
21 49
21 50
21 53
21 56
21 72
21 73
21 78
21 81
21 84
21 88
21 90
21 92
21 94
21 102
21 105
21 109
21 111
21 113
21 118
21 135
21 137
21 142
21 149
21 151
21 152
21 157
21 158
21 159
21 160
21 164
21 165
21 167
21 168
21 169
21 178
21 188
21 198
21 200
21 201
21 202
21 205
21 208
21 212
21 214
21 215
21 216
21 229
21 230
21 233
21 235
21 237
21 239
21 245
21 250
21 256
21 262
21 268
21 277
21 281
21 283
21 284
21 285
22 4
22 6
22 7
22 10
22 18
22 21
22 26
22 31
22 32
22 36
22 42
22 46
22 48
22 49
22 55
22 56
22 58
22 60
22 63
22 66
22 67
22 69
22 76
22 88
22 91
22 93
22 102
22 103
22 109
22 112
22 119
22 122
22 127
22 128
22 144
22 145
22 149
22 151
22 152
22 153
22 154
22 157
22 169
22 172
22 174
22 175
22 176
22 180
22 182
22 185
22 194
22 197
22 200
22 205
22 206
22 207
22 209
22 215
22 230
22 232
22 236
22 239
22 253
22 261
22 262
22 264
22 270
22 274
22 275
22 278
22 280
22 287
23 1
23 6
23 7
23 11
23 18
23 27
23 42
23 45
23 48
23 49
23 50
23 57
23 58
23 62
23 67
23 68
23 70
23 72
23 74
23 78
23 82
23 84
23 90
23 95
23 100
23 107
23 110
23 112
23 113
23 120
23 122
23 123
23 124
23 132
23 134
23 141
23 142
23 143
23 144
23 155
23 162
23 164
23 169
23 171
23 175
23 179
23 184
23 186
23 192
23 193
23 196
23 201
23 206
23 210
23 212
23 213
23 217
23 230
23 232
23 242
23 252
23 253
23 259
23 260
23 261
23 264
23 271
23 272
23 274
23 277
23 281
23 285
24 2
24 3
24 15
24 19
24 23
24 24
24 36
24 42
24 43
24 47
24 61
24 66
24 73
24 75
24 76
24 77
24 80
24 83
24 85
24 94
24 95
24 96
24 98
24 107
24 108
24 109
24 110
24 119
24 123
24 126
24 129
24 132
24 133
24 139
24 140
24 147
24 155
24 159
24 165
24 166
24 169
24 175
24 177
24 180
24 185
24 189
24 191
24 194
24 195
24 196
24 200
24 208
24 216
24 221
24 225
24 231
24 233
24 238
24 244
24 247
24 254
24 257
24 260
24 261
24 265
24 270
24 275
24 277
24 278
24 282
24 284
24 286
25 0
25 1
25 9
25 11
25 14
25 27
25 31
25 35
25 45
25 49
25 53
25 58
25 65
25 71
25 80
25 83
25 90
25 96
25 97
25 101
25 102
25 104
25 105
25 106
25 111
25 114
25 116
25 118
25 125
25 126
25 127
25 129
25 133
25 136
25 138
25 139
25 148
25 157
25 158
25 159
25 162
25 165
25 174
25 179
25 180
25 183
25 195
25 200
25 202
25 205
25 215
25 219
25 225
25 227
25 228
25 229
25 232
25 233
25 244
25 246
25 247
25 254
25 258
25 259
25 267
25 271
25 278
25 279
25 280
25 281
25 282
25 286
26 0
26 1
26 10
26 12
26 14
26 17
26 18
26 20
26 23
26 24
26 26
26 28
26 30
26 31
26 32
26 35
26 38
26 44
26 51
26 52
26 54
26 55
26 60
26 62
26 66
26 70
26 72
26 75
26 85
26 87
26 90
26 92
26 102
26 114
26 121
26 123
26 124
26 125
26 127
26 135
26 137
26 140
26 142
26 144
26 148
26 162
26 171
26 179
26 180
26 181
26 185
26 190
26 209
26 210
26 213
26 222
26 224
26 225
26 233
26 234
26 239
26 241
26 245
26 248
26 249
26 255
26 256
26 264
26 268
26 273
26 276
26 280
27 0
27 3
27 4
27 12
27 14
27 18
27 24
27 26
27 27
27 32
27 41
27 53
27 54
27 55
27 56
27 61
27 63
27 66
27 68
27 73
27 84
27 87
27 90
27 93
27 97
27 103
27 106
27 111
27 112
27 116
27 117
27 120
27 124
27 127
27 136
27 137
27 141
27 144
27 145
27 147
27 153
27 156
27 165
27 166
27 174
27 178
27 180
27 183
27 186
27 187
27 192
27 201
27 204
27 210
27 212
27 215
27 225
27 226
27 229
27 230
27 233
27 242
27 245
27 248
27 260
27 261
27 267
27 268
27 275
27 277
27 280
27 283
28 3
28 4
28 7
28 10
28 16
28 22
28 23
28 24
28 26
28 31
28 32
28 43
28 44
28 46
28 47
28 48
28 51
28 53
28 57
28 59
28 62
28 63
28 64
28 69
28 70
28 76
28 78
28 80
28 84
28 88
28 89
28 109
28 111
28 114
28 115
28 117
28 121
28 123
28 125
28 127
28 142
28 152
28 153
28 154
28 155
28 159
28 183
28 188
28 195
28 200
28 202
28 205
28 206
28 211
28 217
28 218
28 221
28 226
28 227
28 233
28 234
28 237
28 250
28 254
28 260
28 261
28 270
28 276
28 281
28 283
28 284
28 285
29 0
29 3
29 5
29 6
29 7
29 9
29 11
29 18
29 19
29 26
29 30
29 35
29 37
29 43
29 45
29 51
29 53
29 54
29 58
29 65
29 66
29 78
29 83
29 88
29 92
29 97
29 102
29 105
29 107
29 112
29 122
29 127
29 133
29 144
29 156
29 162
29 166
29 173
29 174
29 177
29 181
29 182
29 183
29 184
29 185
29 193
29 203
29 206
29 207
29 208
29 213
29 214
29 217
29 224
29 227
29 228
29 234
29 235
29 236
29 240
29 242
29 250
29 251
29 256
29 257
29 261
29 262
29 267
29 279
29 283
29 286
29 287
30 20
30 24
30 26
30 28
30 29
30 32
30 34
30 36
30 46
30 50
30 60
30 65
30 74
30 75
30 79
30 81
30 82
30 83
30 87
30 89
30 99
30 107
30 110
30 111
30 112
30 115
30 116
30 117
30 118
30 131
30 134
30 146
30 148
30 154
30 155
30 157
30 158
30 166
30 169
30 170
30 181
30 182
30 186
30 188
30 190
30 192
30 193
30 194
30 196
30 197
30 200
30 203
30 204
30 206
30 209
30 219
30 223
30 233
30 235
30 244
30 245
30 246
30 249
30 254
30 260
30 261
30 267
30 269
30 270
30 274
30 278
30 286
31 0
31 2
31 3
31 14
31 15
31 17
31 31
31 38
31 42
31 46
31 52
31 54
31 62
31 63
31 75
31 79
31 82
31 83
31 85
31 88
31 92
31 96
31 98
31 103
31 106
31 110
31 112
31 125
31 128
31 129
31 136
31 138
31 139
31 144
31 145
31 166
31 168
31 172
31 175
31 178
31 180
31 183
31 185
31 188
31 191
31 194
31 198
31 199
31 200
31 202
31 204
31 205
31 208
31 209
31 212
31 222
31 226
31 228
31 230
31 235
31 237
31 244
31 245
31 247
31 250
31 260
31 261
31 265
31 267
31 272
31 278
31 287
32 7
32 9
32 10
32 17
32 18
32 23
32 28
32 31
32 42
32 53
32 54
32 55
32 59
32 61
32 65
32 73
32 79
32 82
32 84
32 85
32 94
32 95
32 97
32 98
32 108
32 113
32 114
32 120
32 124
32 128
32 130
32 138
32 139
32 142
32 151
32 152
32 153
32 157
32 158
32 165
32 166
32 172
32 174
32 180
32 181
32 199
32 200
32 204
32 205
32 210
32 222
32 226
32 227
32 241
32 242
32 243
32 244
32 245
32 246
32 247
32 249
32 255
32 260
32 262
32 264
32 268
32 272
32 273
32 274
32 275
32 278
32 279
33 0
33 4
33 5
33 10
33 13
33 14
33 16
33 17
33 19
33 22
33 24
33 27
33 40
33 43
33 54
33 55
33 56
33 58
33 61
33 67
33 74
33 76
33 81
33 84
33 89
33 90
33 92
33 94
33 102
33 103
33 108
33 122
33 125
33 126
33 131
33 136
33 145
33 160
33 162
33 163
33 164
33 169
33 170
33 176
33 177
33 180
33 182
33 183
33 192
33 203
33 222
33 227
33 231
33 232
33 235
33 240
33 243
33 244
33 248
33 250
33 258
33 260
33 264
33 269
33 270
33 271
33 273
33 274
33 277
33 284
33 286
33 287
34 3
34 4
34 6
34 9
34 10
34 11
34 12
34 17
34 20
34 21
34 22
34 23
34 26
34 27
34 28
34 29
34 33
34 41
34 44
34 45
34 53
34 59
34 61
34 69
34 71
34 74
34 80
34 103
34 104
34 108
34 110
34 111
34 115
34 122
34 131
34 132
34 139
34 142
34 147
34 148
34 150
34 151
34 155
34 162
34 166
34 171
34 180
34 182
34 194
34 196
34 198
34 204
34 208
34 213
34 216
34 217
34 221
34 222
34 228
34 232
34 235
34 239
34 244
34 248
34 250
34 253
34 260
34 270
34 276
34 281
34 283
34 287
35 3
35 7
35 8
35 15
35 20
35 26
35 34
35 35
35 43
35 48
35 50
35 53
35 55
35 60
35 65
35 69
35 75
35 76
35 84
35 93
35 99
35 100
35 101
35 102
35 109
35 110
35 113
35 116
35 117
35 122
35 125
35 128
35 137
35 138
35 144
35 148
35 149
35 150
35 156
35 165
35 169
35 177
35 178
35 182
35 187
35 189
35 195
35 197
35 199
35 202
35 209
35 211
35 212
35 216
35 221
35 222
35 225
35 230
35 237
35 244
35 250
35 255
35 257
35 258
35 263
35 268
35 271
35 272
35 277
35 282
35 286
35 287
36 1
36 16
36 18
36 22
36 28
36 37
36 39
36 47
36 49
36 51
36 56
36 57
36 64
36 66
36 73
36 76
36 79
36 86
36 91
36 92
36 100
36 103
36 104
36 106
36 109
36 111
36 116
36 121
36 124
36 125
36 128
36 129
36 132
36 135
36 137
36 141
36 145
36 154
36 155
36 157
36 161
36 163
36 165
36 170
36 171
36 179
36 188
36 190
36 191
36 196
36 199
36 202
36 207
36 208
36 216
36 219
36 225
36 227
36 232
36 239
36 245
36 246
36 250
36 251
36 258
36 260
36 263
36 264
36 270
36 273
36 285
36 286
37 3
37 5
37 6
37 11
37 13
37 15
37 19
37 23
37 25
37 28
37 34
37 35
37 37
37 38
37 40
37 41
37 51
37 57
37 59
37 62
37 64
37 65
37 69
37 73
37 76
37 78
37 89
37 92
37 97
37 98
37 100
37 105
37 107
37 108
37 109
37 111
37 116
37 119
37 123
37 126
37 127
37 128
37 130
37 134
37 140
37 143
37 144
37 147
37 153
37 159
37 162
37 164
37 168
37 175
37 176
37 180
37 195
37 208
37 214
37 222
37 232
37 242
37 245
37 251
37 258
37 263
37 266
37 267
37 270
37 280
37 281
37 284
38 0
38 4
38 12
38 15
38 16
38 17
38 22
38 24
38 25
38 30
38 31
38 34
38 36
38 37
38 43
38 46
38 54
38 58
38 64
38 67
38 73
38 74
38 77
38 85
38 88
38 89
38 92
38 101
38 108
38 112
38 113
38 117
38 121
38 123
38 129
38 130
38 132
38 141
38 160
38 165
38 180
38 181
38 183
38 184
38 188
38 191
38 201
38 204
38 205
38 207
38 211
38 213
38 224
38 226
38 228
38 234
38 236
38 238
38 239
38 244
38 249
38 259
38 261
38 262
38 264
38 269
38 273
38 275
38 277
38 278
38 282
38 283
39 2
39 7
39 18
39 19
39 25
39 28
39 33
39 37
39 38
39 41
39 44
39 50
39 55
39 65
39 67
39 79
39 80
39 83
39 91
39 97
39 102
39 103
39 110
39 115
39 117
39 121
39 124
39 132
39 134
39 136
39 141
39 147
39 151
39 154
39 155
39 157
39 162
39 163
39 168
39 173
39 178
39 183
39 185
39 186
39 192
39 194
39 198
39 201
39 202
39 208
39 213
39 221
39 223
39 230
39 231
39 238
39 242
39 243
39 247
39 251
39 253
39 258
39 267
39 268
39 272
39 273
39 274
39 277
39 278
39 279
39 284
39 286
40 9
40 11
40 12
40 13
40 17
40 23
40 25
40 40
40 42
40 43
40 44
40 48
40 52
40 54
40 55
40 60
40 62
40 67
40 69
40 73
40 81
40 86
40 87
40 88
40 89
40 90
40 96
40 98
40 103
40 104
40 105
40 108
40 113
40 124
40 128
40 131
40 132
40 139
40 144
40 145
40 146
40 149
40 153
40 156
40 159
40 167
40 168
40 170
40 179
40 180
40 181
40 200
40 203
40 208
40 218
40 219
40 222
40 225
40 228
40 230
40 232
40 239
40 247
40 249
40 251
40 258
40 259
40 261
40 264
40 269
40 279
40 285
41 10
41 15
41 17
41 18
41 19
41 24
41 25
41 30
41 38
41 43
41 50
41 52
41 53
41 57
41 58
41 59
41 62
41 66
41 73
41 75
41 76
41 77
41 79
41 86
41 89
41 90
41 95
41 96
41 107
41 111
41 115
41 118
41 119
41 128
41 133
41 136
41 152
41 159
41 163
41 165
41 167
41 173
41 175
41 177
41 178
41 182
41 183
41 185
41 188
41 191
41 199
41 202
41 207
41 211
41 212
41 215
41 217
41 218
41 226
41 228
41 229
41 231
41 237
41 245
41 251
41 259
41 261
41 262
41 268
41 269
41 278
41 280
42 0
42 3
42 13
42 14
42 16
42 21
42 25
42 32
42 35
42 39
42 52
42 54
42 57
42 58
42 60
42 68
42 72
42 84
42 85
42 89
42 92
42 96
42 101
42 105
42 111
42 119
42 121
42 123
42 125
42 129
42 133
42 136
42 149
42 155
42 156
42 157
42 166
42 172
42 173
42 176
42 182
42 186
42 190
42 191
42 198
42 202
42 212
42 213
42 222
42 223
42 225
42 228
42 233
42 235
42 236
42 237
42 244
42 246
42 255
42 257
42 258
42 259
42 263
42 266
42 270
42 271
42 272
42 276
42 277
42 282
42 285
42 287
43 0
43 3
43 7
43 8
43 9
43 16
43 21
43 27
43 29
43 35
43 36
43 40
43 43
43 45
43 46
43 48
43 60
43 69
43 72
43 77
43 82
43 84
43 89
43 90
43 92
43 93
43 95
43 97
43 101
43 107
43 108
43 109
43 110
43 116
43 119
43 131
43 137
43 141
43 142
43 148
43 155
43 157
43 161
43 163
43 164
43 165
43 167
43 175
43 181
43 182
43 184
43 202
43 210
43 212
43 215
43 218
43 224
43 232
43 236
43 241
43 243
43 246
43 247
43 251
43 257
43 261
43 265
43 268
43 274
43 275
43 276
43 280
44 1
44 2
44 3
44 17
44 21
44 39
44 40
44 50
44 54
44 59
44 61
44 63
44 66
44 68
44 74
44 77
44 84
44 88
44 92
44 93
44 98
44 99
44 100
44 110
44 113
44 116
44 123
44 128
44 130
44 131
44 132
44 134
44 136
44 140
44 145
44 146
44 151
44 154
44 162
44 168
44 170
44 173
44 176
44 177
44 178
44 185
44 189
44 192
44 193
44 195
44 198
44 203
44 207
44 212
44 219
44 221
44 222
44 223
44 227
44 235
44 237
44 238
44 243
44 245
44 248
44 256
44 260
44 261
44 264
44 265
44 286
44 287
