3 188
3 87
3 115
3 236
3 97
3 138
3 195
3 238
3 26
3 125
3 157
3 204
3 32
3 133
3 80
3 215
3 5
3 230
3 25
3 182
3 109
3 120
3 105
3 247
3 2
3 3
3 279
3 283
3 244
3 207
3 99
3 72
3 74
3 273
3 34
3 148
3 222
3 123
3 173
3 221
3 17
4 119
4 95
4 59
4 280
4 64
4 271
4 210
4 147
4 129
4 81
4 240
4 189
4 164
4 5
4 168
4 16
4 42
4 250
4 259
4 252
4 247
4 105
4 30
4 139
4 204
4 65
4 260
4 273
4 76
4 102
4 57
4 40
4 21
4 73
4 88
4 50
4 54
4 209
4 84
4 8
4 104
5 88
5 278
5 233
5 274
5 209
5 124
5 287
5 270
5 227
5 120
5 11
5 170
5 83
5 192
5 89
5 61
5 22
5 128
5 208
5 98
5 263
5 90
5 244
5 183
5 119
5 144
5 200
5 140
5 241
5 82
5 81
5 131
5 102
5 21
5 219
5 121
5 217
5 231
5 86
5 92
5 160
6 257
6 212
6 279
6 159
6 89
6 85
6 129
6 254
6 58
6 5
6 45
6 219
6 217
6 269
6 17
6 31
6 101
6 248
6 151
6 106
6 124
6 93
6 86
6 188
6 148
6 28
6 119
6 1
6 155
6 208
6 88
6 205
6 64
6 139
6 32
6 82
6 8
6 74
6 132
6 4
6 142
7 211
7 122
7 262
7 108
7 229
7 168
7 121
7 66
7 242
7 32
7 241
7 10
7 255
7 198
7 245
7 42
7 22
7 103
7 38
7 232
7 126
7 170
7 271
7 40
7 235
7 216
7 146
7 20
7 227
7 49
7 90
7 254
7 182
7 113
7 169
7 260
7 150
7 115
7 24
7 161
7 100
8 160
8 9
8 218
8 103
8 155
8 150
8 47
8 163
8 248
8 148
8 39
8 158
8 199
8 32
8 204
8 188
8 12
8 116
8 40
8 86
8 74
8 17
8 267
8 168
8 231
8 19
8 223
8 189
8 129
8 115
8 57
8 64
8 125
8 279
8 58
8 224
8 134
8 211
8 146
8 147
8 250
9 101
9 266
9 51
9 136
9 8
9 275
9 111
9 14
9 163
9 76
9 204
9 226
9 193
9 228
9 65
9 252
9 245
9 12
9 117
9 18
9 7
9 114
9 185
9 216
9 106
9 103
9 108
9 124
9 254
9 280
9 248
9 171
9 107
9 196
9 154
9 149
9 179
9 156
9 244
9 285
9 235
10 50
10 281
10 18
10 260
10 202
10 51
10 225
10 6
10 79
10 89
10 64
10 90
10 65
10 178
10 218
10 118
10 180
10 33
10 145
10 76
10 108
10 48
10 190
10 123
10 264
10 132
10 255
10 113
10 186
10 26
10 231
10 157
10 40
10 235
10 131
10 69
10 36
10 156
10 265
10 7
10 134
11 238
11 282
11 97
11 55
11 8
11 80
11 212
11 244
11 132
11 182
11 141
11 236
11 200
11 210
11 118
11 152
11 52
11 49
11 24
11 50
11 11
11 196
11 198
11 218
11 153
11 145
11 270
11 10
11 230
11 45
11 77
11 148
11 88
11 106
11 183
11 160
11 34
11 280
11 54
11 124
11 184
12 101
12 222
12 157
12 144
12 73
12 183
12 19
12 108
12 58
12 114
12 131
12 88
12 122
12 217
12 56
12 156
12 164
12 31
12 67
12 189
12 242
12 26
12 213
12 140
12 102
12 123
12 59
12 168
12 185
12 258
12 79
12 100
12 153
12 49
12 211
12 206
12 187
12 266
12 42
12 215
12 80
13 19
13 180
13 246
13 26
13 121
13 132
13 47
13 259
13 127
13 53
13 46
13 217
13 133
13 261
13 181
13 108
13 275
13 161
13 257
13 7
13 146
13 186
13 284
13 218
13 194
13 131
13 93
13 73
13 224
13 101
13 40
13 58
13 105
13 18
13 171
13 139
13 280
13 67
13 6
13 79
13 83
14 56
14 221
14 26
14 166
14 78
14 245
14 197
14 252
14 217
14 95
14 84
14 163
14 264
14 27
14 262
14 85
14 91
14 231
14 263
14 122
14 145
14 213
14 181
14 148
14 80
14 201
14 96
14 30
14 173
14 206
14 2
14 236
14 100
14 248
14 167
14 49
14 103
14 73
14 112
14 61
14 94
15 195
15 108
15 192
15 209
15 113
15 272
15 126
15 64
15 252
15 25
15 163
15 141
15 71
15 201
15 263
15 150
15 153
15 105
15 44
15 125
15 273
15 144
15 94
15 100
15 3
15 139
15 184
15 38
15 182
15 160
15 254
15 268
15 222
15 138
15 115
15 278
15 276
15 132
15 146
15 137
15 176
16 228
16 183
16 6
16 260
16 201
16 34
16 97
16 41
16 113
16 196
16 154
16 162
16 29
16 250
16 193
16 151
16 220
16 60
16 247
16 262
16 20
16 75
16 72
16 86
16 13
16 93
16 259
16 79
16 35
16 31
16 51
16 142
16 243
16 194
16 24
16 78
16 199
16 169
16 192
16 3
16 215
17 113
17 31
17 54
17 257
17 28
17 0
17 80
17 256
17 199
17 144
17 106
17 13
17 133
17 128
17 134
17 229
17 116
17 97
17 15
17 237
17 132
17 249
17 149
17 5
17 213
17 38
17 282
17 264
17 129
17 32
17 78
17 269
17 139
17 214
17 153
17 222
17 221
17 268
17 19
17 120
17 183
18 107
18 163
18 144
18 139
18 132
18 183
18 256
18 110
18 101
18 122
18 239
18 113
18 61
18 130
18 98
18 26
18 140
18 99
18 32
18 248
18 226
18 125
18 258
18 85
18 262
18 29
18 211
18 102
18 182
18 9
18 93
18 206
18 161
18 112
18 137
18 236
18 198
18 274
18 31
18 177
18 229
19 248
19 195
19 2
19 107
19 29
19 140
19 280
19 88
19 237
19 183
19 117
19 153
19 258
19 133
19 93
19 150
19 30
19 7
19 41
19 217
19 240
19 53
19 38
19 79
19 1
19 81
19 78
19 252
19 193
19 34
19 39
19 3
19 13
19 152
19 12
19 47
19 129
19 43
19 60
19 0
19 46
20 248
20 132
20 93
20 41
20 170
20 26
20 64
20 96
20 87
20 62
20 121
20 70
20 185
20 61
20 118
20 36
20 151
20 99
20 283
20 101
20 274
20 47
20 133
20 264
20 56
20 175
20 266
20 135
20 145
20 218
20 105
20 263
20 146
20 271
20 214
20 285
20 156
20 164
20 20
20 227
20 42
21 173
21 197
21 2
21 90
21 218
21 199
21 128
21 34
21 161
21 92
21 52
21 81
21 147
21 223
21 28
21 231
21 138
21 186
21 75
21 265
21 168
21 96
21 42
21 71
21 101
21 160
21 15
21 220
21 143
21 253
21 228
21 167
21 193
21 224
21 189
21 157
21 209
21 256
21 11
21 234
21 44
22 62
22 17
22 286
22 275
22 240
22 25
22 0
22 100
22 187
22 71
22 273
22 39
22 48
22 254
22 113
22 130
22 215
22 27
22 41
22 178
22 157
22 121
22 158
22 276
22 278
22 143
22 20
22 229
22 154
22 6
22 194
22 277
22 133
22 160
22 176
22 248
22 72
22 212
22 173
22 267
22 16
23 90
23 246
23 112
23 188
23 268
23 86
23 274
23 160
23 139
23 31
23 77
23 283
23 206
23 119
23 254
23 272
23 34
23 247
23 15
23 143
23 6
23 35
23 142
23 33
23 58
23 228
23 126
23 36
23 124
23 241
23 255
23 146
23 74
23 61
23 178
23 198
23 277
23 95
23 79
23 155
23 145
24 258
24 114
24 206
24 140
24 272
24 199
24 79
24 186
24 273
24 267
24 105
24 59
24 217
24 274
24 167
24 100
24 95
24 125
24 41
24 253
24 8
24 63
24 283
24 246
24 138
24 70
24 244
24 83
24 30
24 228
24 282
24 278
24 254
24 225
24 7
24 142
24 69
24 164
24 10
24 201
24 158
25 178
25 111
25 103
25 245
25 262
25 12
25 207
25 149
25 167
25 36
25 187
25 216
25 7
25 256
25 174
25 193
25 164
25 157
25 71
25 249
25 73
25 117
25 137
25 76
25 255
25 142
25 204
25 226
25 143
25 119
25 161
25 131
25 93
25 202
25 80
25 47
25 85
25 102
25 70
25 146
25 74
26 78
26 124
26 113
26 183
26 168
26 18
26 61
26 115
26 77
26 147
26 137
26 172
26 19
26 237
26 26
26 194
26 149
26 131
26 226
26 109
26 174
26 32
26 144
26 116
26 224
26 55
26 139
26 122
26 107
26 22
26 154
26 87
26 36
26 82
26 225
26 160
26 123
26 69
26 97
26 48
26 80
27 0
27 262
27 197
27 16
27 186
27 138
27 273
27 232
27 247
27 91
27 199
27 140
27 193
27 234
27 274
27 114
27 27
27 195
27 181
27 41
27 124
27 99
27 69
27 36
27 119
27 187
27 217
27 259
27 257
27 104
27 125
27 261
27 128
27 129
27 223
27 174
27 207
27 18
27 201
27 59
27 156
28 153
28 108
28 172
28 8
28 34
28 257
28 189
28 44
28 226
28 93
28 36
28 284
28 180
28 147
28 158
28 29
28 128
28 38
28 139
28 132
28 193
28 86
28 43
28 109
28 45
28 250
28 72
28 41
28 133
28 119
28 229
28 210
28 199
28 122
28 225
28 237
28 124
28 103
28 165
28 111
28 52
29 17
29 31
29 98
29 114
29 185
29 238
29 270
29 256
29 1
29 163
29 267
29 165
29 259
29 280
29 258
29 187
29 95
29 13
29 120
29 40
29 210
29 239
29 152
29 123
29 261
29 18
29 245
29 176
29 112
29 204
29 93
29 250
29 168
29 180
29 16
29 147
29 142
29 108
29 194
29 62
29 25
30 252
30 287
30 213
30 180
30 57
30 115
30 3
30 18
30 84
30 119
30 33
30 117
30 43
30 61
30 210
30 244
30 234
30 4
30 173
30 146
30 50
30 95
30 45
30 163
30 230
30 160
30 85
30 71
30 161
30 165
30 28
30 17
30 155
30 74
30 144
30 39
30 177
30 186
30 103
30 96
30 148
31 48
31 282
31 187
31 24
31 267
31 31
31 142
31 112
31 205
31 104
31 153
31 25
31 83
31 93
31 39
31 43
31 245
31 10
31 270
31 286
31 33
31 144
31 273
31 249
31 202
31 135
31 255
31 280
31 115
31 133
31 208
31 206
31 107
31 172
31 73
31 271
31 126
31 176
31 95
31 7
31 189
32 61
32 241
32 42
32 216
32 36
32 90
32 220
32 272
32 57
32 58
32 235
32 83
32 48
32 125
32 19
32 122
32 46
32 93
32 146
32 45
32 81
32 62
32 174
32 6
32 131
32 75
32 110
32 172
32 96
32 103
32 44
32 78
32 207
32 251
32 278
32 287
32 100
32 238
32 203
32 141
32 232
33 279
33 167
33 254
33 178
33 243
33 78
33 184
33 189
33 278
33 9
33 22
33 214
33 46
33 129
33 17
33 209
33 137
33 81
33 128
33 2
33 205
33 23
33 287
33 56
33 228
33 260
33 231
33 280
33 107
33 141
33 164
33 113
33 273
33 223
33 101
33 93
33 28
33 250
33 274
33 74
33 57
34 281
34 42
34 279
34 147
34 100
34 23
34 125
34 188
34 29
34 55
34 213
34 169
34 230
34 141
34 239
34 19
34 24
34 128
34 130
34 45
34 256
34 153
34 157
34 222
34 280
34 83
34 225
34 99
34 138
34 10
34 51
34 287
34 104
34 84
34 133
34 38
34 246
34 156
34 155
34 20
34 187
35 144
35 134
35 184
35 186
35 272
35 204
35 70
35 133
35 241
35 172
35 194
35 217
35 45
35 48
35 229
35 113
35 105
35 165
35 14
35 234
35 85
35 46
35 51
35 261
35 282
35 235
35 141
35 25
35 136
35 150
35 196
35 227
35 73
35 31
35 270
35 117
35 264
35 83
35 63
35 110
35 151
36 77
36 193
36 194
36 169
36 210
36 114
36 104
36 16
36 7
36 13
36 276
36 233
36 255
36 236
36 238
36 207
36 175
36 42
36 32
36 133
36 189
36 164
36 123
36 66
36 57
36 71
36 146
36 29
36 198
36 158
36 272
36 141
36 20
36 2
36 84
36 253
36 36
36 94
36 190
36 52
36 271
37 191
37 203
37 283
37 274
37 25
37 224
37 246
37 119
37 145
37 154
37 76
37 91
37 163
37 74
37 106
37 133
37 286
37 20
37 138
37 7
37 185
37 17
37 178
37 241
37 186
37 242
37 213
37 265
37 259
37 199
37 122
37 142
37 126
37 214
37 58
37 87
37 182
37 135
37 235
37 28
37 196
38 138
38 67
38 173
38 212
38 134
38 145
38 40
38 68
38 257
38 160
38 116
38 95
38 198
38 245
38 286
38 51
38 281
38 91
38 52
38 172
38 280
38 148
38 25
38 282
38 140
38 273
38 106
38 248
38 133
38 13
38 255
38 203
38 158
38 224
38 220
38 141
38 124
38 71
38 88
38 28
38 43
39 153
39 26
39 122
39 272
39 89
39 240
39 246
39 40
39 23
39 237
39 33
39 172
39 226
39 12
39 171
39 73
39 74
39 149
39 221
39 228
39 242
39 217
39 173
39 98
39 262
39 8
39 137
39 78
39 50
39 161
39 68
39 203
39 19
39 206
39 154
39 54
39 124
39 255
39 114
39 274
39 27
40 138
40 202
40 282
40 146
40 168
40 270
40 134
40 280
40 116
40 115
40 209
40 160
40 234
40 4
40 257
40 244
40 41
40 263
40 30
40 148
40 10
40 40
40 227
40 200
40 82
40 284
40 246
40 207
40 43
40 84
40 125
40 1
40 224
40 222
40 126
40 19
40 120
40 50
40 85
40 152
40 37
41 108
41 122
41 115
41 89
41 238
41 187
41 165
41 93
41 47
41 207
41 275
41 118
41 70
41 199
41 129
41 182
41 100
41 117
41 276
41 235
41 221
41 41
41 64
41 282
41 71
41 184
41 270
41 174
41 274
41 96
41 4
41 222
41 259
41 277
41 73
41 32
41 164
41 130
41 202
41 188
41 146
42 98
42 280
42 134
42 133
42 112
42 155
42 255
42 150
42 230
42 144
42 65
42 102
42 41
42 100
42 225
42 272
42 156
42 205
42 242
42 164
42 71
42 179
42 31
42 260
42 143
42 216
42 96
42 15
42 48
42 160
42 115
42 271
42 52
42 232
42 28
42 2
42 217
42 278
42 72
42 27
42 3
43 202
43 87
43 236
43 194
43 55
43 189
43 173
43 212
43 242
43 137
43 58
43 219
43 18
43 159
43 205
43 185
43 11
43 164
43 76
43 5
43 258
43 149
43 60
43 99
43 193
43 64
43 77
43 111
43 170
43 28
43 179
43 181
43 119
43 29
43 27
43 240
43 70
43 203
43 122
43 247
43 135
44 82
44 52
44 157
44 85
44 113
44 278
44 136
44 213
44 218
44 130
44 92
44 183
44 50
44 98
44 217
44 84
44 285
44 265
44 164
44 235
44 240
44 16
44 97
44 272
44 232
44 76
44 35
44 117
44 111
44 222
44 192
44 94
44 31
44 169
44 252
44 78
44 203
44 202
44 159
44 263
44 190
