3 188
3 97
3 87
3 236
3 115
3 215
3 109
3 238
3 138
3 195
3 3
3 133
3 32
3 72
3 157
3 125
3 5
3 80
3 207
3 25
3 247
3 283
3 268
3 2
3 34
3 182
3 244
3 279
3 6
3 210
3 120
3 101
3 26
3 273
3 230
3 85
3 105
3 266
3 172
3 173
3 229
3 242
3 221
3 17
3 197
3 222
3 254
3 123
3 209
3 74
3 287
3 103
3 245
3 148
3 14
3 181
3 104
3 180
3 251
3 170
3 154
3 94
3 260
3 194
3 36
3 102
3 139
3 55
3 192
3 204
3 99
3 62
4 119
4 210
4 280
4 240
4 59
4 271
4 95
4 259
4 42
4 64
4 147
4 189
4 129
4 16
4 164
4 5
4 168
4 204
4 54
4 65
4 247
4 250
4 76
4 252
4 50
4 105
4 102
4 273
4 88
4 89
4 56
4 159
4 139
4 209
4 9
4 260
4 8
4 19
4 40
4 104
4 94
4 57
4 21
4 225
4 180
4 195
4 73
4 166
4 229
4 169
4 155
4 12
4 41
4 160
4 203
4 201
4 237
4 238
4 55
4 233
4 81
4 33
4 68
4 176
4 84
4 131
4 121
4 217
4 275
4 192
4 130
4 70
5 88
5 89
5 278
5 120
5 287
5 274
5 11
5 270
5 233
5 209
5 170
5 263
5 22
5 241
5 208
5 219
5 128
5 144
5 227
5 119
5 61
5 81
5 98
5 183
5 225
5 90
5 52
5 244
5 217
5 160
5 231
5 121
5 17
5 234
5 200
5 75
5 21
5 192
5 63
5 102
5 159
5 166
5 211
5 92
5 83
5 130
5 79
5 140
5 186
5 155
5 86
5 175
5 60
5 110
5 218
5 176
5 151
5 14
5 33
5 91
5 54
5 181
5 53
5 153
5 105
5 279
5 124
5 235
5 35
5 82
5 107
5 215
6 257
6 212
6 159
6 129
6 89
6 85
6 279
6 254
6 58
6 217
6 45
6 269
6 65
6 5
6 93
6 101
6 261
6 1
6 219
6 17
6 64
6 106
6 151
6 208
6 147
6 148
6 74
6 88
6 210
6 15
6 116
6 218
6 265
6 119
6 270
6 171
6 82
6 188
6 225
6 139
6 86
6 108
6 28
6 248
6 63
6 286
6 124
6 32
6 241
6 177
6 4
6 205
6 283
6 134
6 146
6 240
6 155
6 123
6 12
6 24
6 109
6 8
6 80
6 53
6 99
6 31
6 259
6 7
6 152
6 20
6 264
6 268
7 211
7 108
7 229
7 242
7 168
7 121
7 66
7 262
7 122
7 10
7 241
7 198
7 255
7 146
7 32
7 232
7 235
7 216
7 133
7 49
7 245
7 18
7 271
7 169
7 38
7 126
7 227
7 103
7 150
7 110
7 9
7 90
7 254
7 144
7 170
7 20
7 145
7 42
7 270
7 260
7 106
7 100
7 113
7 23
7 196
7 40
7 174
7 22
7 115
7 93
7 219
7 82
7 123
7 269
7 24
7 177
7 159
7 281
7 148
7 75
7 182
7 70
7 99
7 17
7 36
7 240
7 35
7 187
7 192
7 112
7 114
7 225
8 218
8 155
8 103
8 160
8 47
8 163
8 9
8 39
8 150
8 158
8 19
8 74
8 168
8 189
8 287
8 248
8 4
8 116
8 119
8 57
8 188
8 199
8 40
8 64
8 267
8 125
8 12
8 211
8 223
8 148
8 141
8 83
8 17
8 135
8 250
8 32
8 134
8 239
8 224
8 84
8 115
8 264
8 171
8 278
8 159
8 27
8 184
8 191
8 279
8 153
8 78
8 231
8 198
8 268
8 58
8 129
8 220
8 217
8 152
8 123
8 121
8 147
8 28
8 256
8 146
8 45
8 265
8 44
8 183
8 241
8 90
8 140
9 101
9 136
9 51
9 266
9 111
9 275
9 8
9 163
9 226
9 76
9 193
9 254
9 117
9 245
9 228
9 106
9 154
9 65
9 204
9 7
9 149
9 108
9 14
9 216
9 156
9 252
9 114
9 185
9 235
9 103
9 18
9 248
9 79
9 12
9 124
9 223
9 280
9 140
9 128
9 107
9 285
9 196
9 179
9 24
9 208
9 259
9 60
9 251
9 270
9 21
9 212
9 97
9 53
9 269
9 159
9 70
9 171
9 87
9 244
9 249
9 250
9 176
9 91
9 99
9 89
9 262
9 96
9 192
9 72
9 162
9 274
9 258
10 18
10 50
10 281
10 202
10 51
10 225
10 89
10 90
10 132
10 65
10 76
10 64
10 260
10 118
10 33
10 123
10 79
10 48
10 6
10 190
10 264
10 26
10 113
10 69
10 40
10 157
10 36
10 218
10 235
10 145
10 255
10 7
10 108
10 231
10 207
10 180
10 131
10 156
10 160
10 185
10 262
10 172
10 97
10 100
10 209
10 154
10 265
10 169
10 184
10 188
10 13
10 86
10 35
10 261
10 178
10 197
10 240
10 220
10 227
10 268
10 80
10 88
10 173
10 137
10 165
10 275
10 206
10 20
10 135
10 37
10 112
10 115
11 282
11 238
11 97
11 80
11 244
11 8
11 118
11 182
11 132
11 210
11 230
11 145
11 141
11 218
11 212
11 49
11 55
11 52
11 11
11 24
11 236
11 152
11 77
11 163
11 148
11 153
11 270
11 183
11 196
11 45
11 34
11 184
11 54
11 280
11 269
11 160
11 30
11 10
11 126
11 106
11 22
11 198
11 114
11 177
11 48
11 88
11 204
11 124
11 50
11 15
11 68
11 266
11 200
11 140
11 209
11 242
11 172
11 62
11 173
11 111
11 171
11 29
11 226
11 142
11 276
11 229
11 273
11 251
11 287
11 116
11 129
11 156
12 101
12 222
12 157
12 114
12 144
12 73
12 183
12 108
12 19
12 58
12 156
12 56
12 88
12 122
12 67
12 131
12 258
12 164
12 242
12 49
12 31
12 189
12 59
12 123
12 140
12 168
12 100
12 102
12 26
12 217
12 153
12 185
12 42
12 87
12 213
12 79
12 266
12 215
12 57
12 268
12 206
12 2
12 204
12 187
12 211
12 12
12 17
12 186
12 80
12 27
12 228
12 44
12 61
12 34
12 218
12 4
12 179
12 175
12 197
12 152
12 33
12 237
12 182
12 193
12 276
12 219
12 113
12 134
12 200
12 196
12 226
12 238
13 246
13 19
13 121
13 217
13 132
13 127
13 180
13 161
13 26
13 259
13 257
13 7
13 133
13 46
13 47
13 261
13 181
13 275
13 186
13 218
13 53
13 101
13 40
13 73
13 108
13 79
13 93
13 58
13 146
13 194
13 284
13 131
13 105
13 83
13 140
13 6
13 224
13 67
13 203
13 280
13 102
13 139
13 171
13 39
13 229
13 208
13 59
13 115
13 248
13 28
13 269
13 3
13 285
13 92
13 77
13 18
13 199
13 81
13 98
13 14
13 87
13 270
13 112
13 129
13 96
13 160
13 207
13 104
13 223
13 237
13 128
13 256
14 221
14 56
14 26
14 245
14 262
14 264
14 163
14 166
14 91
14 252
14 84
14 231
14 95
14 263
14 80
14 78
14 206
14 27
14 213
14 197
14 2
14 73
14 99
14 173
14 201
14 103
14 96
14 145
14 38
14 112
14 122
14 85
14 181
14 236
14 49
14 214
14 195
14 248
14 100
14 133
14 141
14 118
14 108
14 134
14 217
14 94
14 148
14 204
14 184
14 39
14 168
14 62
14 51
14 233
14 258
14 61
14 241
14 190
14 193
14 7
14 16
14 159
14 67
14 47
14 167
14 246
14 44
14 0
14 286
14 157
14 3
14 1
15 192
15 44
15 252
15 108
15 209
15 195
15 64
15 163
15 25
15 94
15 126
15 125
15 272
15 182
15 144
15 105
15 268
15 71
15 153
15 201
15 263
15 113
15 273
15 150
15 184
15 254
15 100
15 38
15 37
15 160
15 278
15 141
15 222
15 115
15 276
15 138
15 207
15 132
15 136
15 176
15 146
15 137
15 93
15 139
15 133
15 169
15 3
15 279
15 225
15 140
15 128
15 96
15 103
15 134
15 124
15 91
15 8
15 194
15 6
15 80
15 68
15 261
15 200
15 106
15 243
15 193
15 18
15 170
15 233
15 204
15 270
15 4
16 228
16 183
16 260
16 6
16 41
16 201
16 220
16 34
16 97
16 154
16 247
16 193
16 29
16 113
16 196
16 250
16 151
16 13
16 86
16 60
16 162
16 35
16 72
16 93
16 51
16 79
16 31
16 199
16 259
16 20
16 192
16 243
16 78
16 215
16 119
16 194
16 73
16 75
16 142
16 76
16 3
16 169
16 47
16 32
16 12
16 109
16 209
16 54
16 262
16 24
16 106
16 49
16 146
16 105
16 184
16 19
16 210
16 160
16 135
16 278
16 186
16 129
16 11
16 187
16 138
16 181
16 244
16 268
16 270
16 132
16 114
16 287
17 54
17 113
17 31
17 257
17 13
17 0
17 28
17 106
17 256
17 133
17 80
17 199
17 134
17 128
17 229
17 237
17 116
17 97
17 249
17 5
17 38
17 149
17 213
17 15
17 144
17 282
17 129
17 19
17 183
17 251
17 139
17 269
17 153
17 264
17 10
17 132
17 219
17 214
17 63
17 120
17 45
17 32
17 195
17 51
17 123
17 268
17 218
17 160
17 48
17 57
17 78
17 52
17 187
17 222
17 110
17 152
17 200
17 130
17 108
17 61
17 83
17 41
17 141
17 221
17 9
17 44
17 79
17 163
17 42
17 205
17 93
17 253
18 122
18 183
18 107
18 132
18 144
18 110
18 139
18 61
18 99
18 256
18 101
18 163
18 130
18 98
18 113
18 85
18 32
18 26
18 274
18 262
18 93
18 182
18 140
18 239
18 211
18 9
18 125
18 151
18 248
18 236
18 112
18 258
18 29
18 20
18 31
18 229
18 224
18 16
18 119
18 198
18 147
18 206
18 102
18 7
18 251
18 177
18 51
18 161
18 72
18 282
18 134
18 172
18 19
18 232
18 121
18 209
18 237
18 27
18 23
18 242
18 111
18 226
18 25
18 65
18 137
18 116
18 74
18 131
18 143
18 171
18 57
18 73
19 195
19 280
19 140
19 237
19 218
19 30
19 29
19 153
19 183
19 107
19 252
19 150
19 93
19 258
19 88
19 7
19 79
19 78
19 38
19 1
19 53
19 41
19 81
19 39
19 217
19 193
19 3
19 117
19 240
19 12
19 46
19 60
19 47
19 43
19 2
19 152
19 0
19 133
19 134
19 62
19 34
19 179
19 129
19 90
19 100
19 89
19 91
19 73
19 95
19 207
19 13
19 219
19 72
19 205
19 272
19 175
19 226
19 270
19 109
19 67
19 57
19 260
19 190
19 54
19 40
19 145
19 156
19 235
19 274
19 36
19 37
19 162
20 41
20 96
20 64
20 26
20 121
20 93
20 87
20 170
20 248
20 62
20 70
20 132
20 101
20 151
20 185
20 274
20 133
20 264
20 36
20 266
20 271
20 118
20 218
20 105
20 283
20 99
20 47
20 145
20 164
20 263
20 146
20 156
20 139
20 56
20 135
20 86
20 275
20 285
20 20
20 227
20 217
20 214
20 235
20 279
20 200
20 148
20 23
20 18
20 211
20 175
20 224
20 173
20 58
20 4
20 14
20 143
20 210
20 225
20 115
20 19
20 157
20 59
20 255
20 284
20 206
20 75
20 25
20 208
20 230
20 169
20 6
20 237
21 2
21 197
21 90
21 34
21 128
21 52
21 231
21 173
21 92
21 218
21 161
21 223
21 81
21 147
21 101
21 28
21 71
21 168
21 199
21 75
21 138
21 265
21 253
21 160
21 15
21 143
21 42
21 96
21 228
21 189
21 157
21 186
21 220
21 44
21 193
21 11
21 234
21 284
21 256
21 124
21 18
21 229
21 251
21 132
21 191
21 87
21 224
21 207
21 167
21 139
21 209
21 206
21 14
21 245
21 80
21 5
21 232
21 22
21 60
21 77
21 118
21 88
21 165
21 240
21 263
21 53
21 141
21 227
21 203
21 35
21 164
21 129
22 17
22 273
22 275
22 286
22 240
22 0
22 100
22 130
22 187
22 25
22 39
22 278
22 71
22 158
22 48
22 215
22 113
22 254
22 276
22 27
22 41
22 6
22 270
22 157
22 178
22 143
22 194
22 154
22 277
22 229
22 16
22 121
22 176
22 238
22 173
22 171
22 105
22 72
22 20
22 133
22 233
22 75
22 212
22 248
22 267
22 256
22 127
22 99
22 129
22 131
22 235
22 198
22 266
22 160
22 104
22 151
22 234
22 263
22 108
22 211
22 103
22 205
22 109
22 192
22 92
22 191
22 199
22 149
22 65
22 13
22 115
22 137
23 90
23 246
23 188
23 112
23 160
23 86
23 268
23 139
23 274
23 31
23 77
23 34
23 142
23 206
23 283
23 247
23 119
23 272
23 254
23 15
23 58
23 35
23 33
23 146
23 61
23 6
23 255
23 124
23 198
23 241
23 74
23 228
23 178
23 143
23 277
23 36
23 192
23 145
23 107
23 84
23 155
23 95
23 203
23 79
23 248
23 134
23 73
23 147
23 126
23 53
23 258
23 195
23 37
23 271
23 63
23 62
23 222
23 29
23 80
23 169
23 12
23 239
23 276
23 54
23 16
23 57
23 156
23 1
23 250
23 131
23 105
23 98
24 267
24 79
24 273
24 167
24 217
24 258
24 272
24 274
24 140
24 41
24 206
24 100
24 105
24 125
24 114
24 59
24 199
24 228
24 8
24 253
24 283
24 246
24 63
24 282
24 278
24 186
24 7
24 142
24 138
24 70
24 99
24 30
24 69
24 95
24 40
24 118
24 254
24 196
24 145
24 127
24 244
24 158
24 225
24 266
24 13
24 68
24 164
24 201
24 144
24 219
24 10
24 111
24 222
24 188
24 209
24 248
24 232
24 230
24 131
24 32
24 163
24 42
24 50
24 252
24 89
24 240
24 153
24 221
24 73
24 202
24 280
24 243
25 103
25 111
25 249
25 262
25 167
25 207
25 245
25 7
25 193
25 73
25 256
25 36
25 187
25 47
25 216
25 157
25 12
25 131
25 13
25 174
25 142
25 172
25 76
25 170
25 255
25 119
25 102
25 164
25 40
25 80
25 204
25 85
25 143
25 226
25 200
25 93
25 117
25 71
25 202
25 114
25 149
25 137
25 272
25 281
25 229
25 153
25 161
25 146
25 55
25 258
25 275
25 74
25 283
25 286
25 209
25 251
25 0
25 279
25 126
25 44
25 134
25 148
25 67
25 70
25 92
25 18
25 266
25 75
25 135
25 106
25 175
25 228
26 113
26 183
26 237
26 115
26 18
26 22
26 77
26 137
26 168
26 172
26 226
26 174
26 19
26 107
26 244
26 87
26 147
26 194
26 109
26 224
26 144
26 122
26 149
26 61
26 100
26 116
26 131
26 134
26 55
26 169
26 225
26 160
26 139
26 0
26 36
26 26
26 140
26 150
26 68
26 253
26 123
26 82
26 184
26 286
26 78
26 96
26 153
26 126
26 48
26 80
26 198
26 154
26 142
26 179
26 79
26 269
26 69
26 97
26 47
26 157
26 162
26 210
26 16
26 32
26 38
26 106
26 178
26 197
26 143
26 222
26 53
26 3
27 197
27 0
27 16
27 199
27 138
27 262
27 114
27 186
27 27
27 91
27 193
27 232
27 124
27 69
27 195
27 129
27 140
27 104
27 234
27 36
27 99
27 247
27 259
27 274
27 41
27 59
27 156
27 217
27 201
27 80
27 263
27 174
27 280
27 261
27 187
27 18
27 68
27 125
27 257
27 42
27 282
27 109
27 223
27 278
27 273
27 10
27 173
27 207
27 237
27 13
27 255
27 119
27 165
27 9
27 239
27 215
27 168
27 32
27 97
27 164
27 147
27 203
27 15
27 135
27 128
27 14
27 71
27 116
27 229
27 284
27 100
27 256
28 93
28 108
28 153
28 257
28 284
28 226
28 189
28 34
28 36
28 44
28 133
28 180
28 158
28 147
28 8
28 86
28 139
28 193
28 172
28 132
28 41
28 29
28 72
28 109
28 119
28 250
28 229
28 225
28 43
28 237
28 210
28 122
28 199
28 103
28 45
28 111
28 11
28 164
28 128
28 165
28 170
28 74
28 124
28 38
28 148
28 67
28 254
28 52
28 138
28 25
28 169
28 152
28 166
28 203
28 64
28 39
28 92
28 106
28 21
28 272
28 239
28 118
28 130
28 206
28 212
28 184
28 195
28 187
28 77
28 51
28 190
28 7
29 98
29 185
29 238
29 112
29 270
29 258
29 114
29 267
29 120
29 1
29 165
29 259
29 95
29 40
29 239
29 163
29 210
29 280
29 250
29 176
29 0
29 187
29 147
29 16
29 142
29 204
29 245
29 93
29 108
29 174
29 214
29 62
29 53
29 212
29 150
29 13
29 25
29 193
29 125
29 18
29 194
29 123
29 117
29 33
29 72
29 178
29 215
29 88
29 137
29 256
29 101
29 244
29 234
29 262
29 168
29 10
29 180
29 7
29 159
29 41
29 261
29 78
29 127
29 255
29 106
29 243
29 22
29 8
29 205
29 139
29 15
29 92
30 252
30 18
30 287
30 180
30 213
30 84
30 33
30 3
30 61
30 244
30 85
30 95
30 160
30 146
30 57
30 234
30 144
30 117
30 115
30 17
30 45
30 165
30 173
30 74
30 43
30 155
30 28
30 177
30 161
30 96
30 230
30 100
30 4
30 163
30 188
30 148
30 63
30 182
30 83
30 269
30 39
30 119
30 71
30 50
30 103
30 205
30 48
30 253
30 186
30 162
30 184
30 135
30 26
30 138
30 32
30 171
30 159
30 78
30 210
30 23
30 42
30 72
30 89
30 199
30 122
30 80
30 5
30 164
30 220
30 217
30 125
30 55
31 282
31 24
31 267
31 205
31 153
31 83
31 104
31 270
31 112
31 25
31 39
31 286
31 31
31 142
31 245
31 202
31 10
31 43
31 33
31 95
31 273
31 93
31 133
31 73
31 249
31 135
31 115
31 182
31 206
31 208
31 87
31 107
31 126
31 189
31 176
31 172
31 70
31 94
31 280
31 163
31 5
31 144
31 125
31 23
31 35
31 21
31 4
31 7
31 218
31 17
31 255
31 271
31 261
31 82
31 285
31 81
31 207
31 124
31 253
31 2
31 283
31 90
31 38
31 41
31 88
31 54
31 16
31 203
31 74
31 116
31 105
31 187
32 235
32 174
32 61
32 42
32 216
32 272
32 125
32 45
32 241
32 36
32 90
32 75
32 57
32 48
32 220
32 93
32 92
32 207
32 58
32 81
32 44
32 131
32 19
32 122
32 278
32 46
32 203
32 83
32 251
32 62
32 146
32 141
32 100
32 103
32 78
32 14
32 96
32 110
32 223
32 12
32 172
32 43
32 271
32 239
32 158
32 287
32 190
32 1
32 286
32 68
32 87
32 6
32 137
32 232
32 67
32 72
32 7
32 212
32 192
32 37
32 171
32 273
32 73
32 26
32 102
32 279
32 25
32 24
32 136
32 217
32 199
32 157
33 279
33 167
33 214
33 287
33 278
33 22
33 9
33 209
33 78
33 243
33 163
33 184
33 46
33 129
33 128
33 231
33 178
33 17
33 254
33 205
33 261
33 189
33 2
33 81
33 56
33 280
33 23
33 137
33 274
33 6
33 164
33 28
33 113
33 93
33 260
33 228
33 57
33 80
33 273
33 226
33 155
33 238
33 36
33 142
33 127
33 177
33 24
33 217
33 20
33 188
33 100
33 124
33 277
33 141
33 112
33 74
33 176
33 144
33 185
33 223
33 241
33 149
33 83
33 51
33 249
33 96
33 259
33 272
33 286
33 250
33 62
33 90
34 256
34 280
34 281
34 42
34 279
34 147
34 100
34 125
34 188
34 19
34 141
34 23
34 222
34 24
34 133
34 230
34 153
34 130
34 128
34 150
34 29
34 213
34 162
34 246
34 146
34 254
34 225
34 99
34 84
34 38
34 278
34 239
34 20
34 287
34 157
34 191
34 45
34 51
34 108
34 187
34 83
34 138
34 236
34 155
34 104
34 190
34 286
34 164
34 192
34 169
34 210
34 269
34 135
34 251
34 31
34 102
34 206
34 60
34 180
34 171
34 25
34 260
34 215
34 61
34 55
34 143
34 112
34 185
34 57
34 11
34 7
34 119
35 144
35 241
35 184
35 186
35 134
35 217
35 70
35 282
35 133
35 45
35 48
35 113
35 270
35 105
35 204
35 234
35 172
35 272
35 194
35 229
35 25
35 235
35 227
35 14
35 151
35 51
35 85
35 196
35 261
35 165
35 83
35 150
35 73
35 141
35 31
35 264
35 108
35 136
35 249
35 41
35 52
35 46
35 129
35 192
35 117
35 231
35 132
35 214
35 238
35 110
35 6
35 260
35 244
35 122
35 232
35 239
35 114
35 201
35 130
35 242
35 284
35 159
35 135
35 177
35 60
35 63
35 2
35 267
35 203
35 115
35 82
35 224
36 77
36 114
36 169
36 193
36 104
36 194
36 210
36 7
36 32
36 13
36 16
36 233
36 276
36 236
36 207
36 238
36 255
36 196
36 164
36 20
36 52
36 272
36 123
36 94
36 35
36 198
36 66
36 189
36 253
36 141
36 156
36 124
36 133
36 84
36 146
36 190
36 153
36 9
36 175
36 159
36 43
36 29
36 57
36 258
36 2
36 271
36 108
36 71
36 36
36 281
36 19
36 89
36 241
36 28
36 181
36 12
36 6
36 25
36 254
36 42
36 285
36 44
36 59
36 263
36 99
36 158
36 72
36 177
36 110
36 81
36 134
36 138
37 191
37 274
37 283
37 25
37 224
37 242
37 203
37 138
37 20
37 246
37 235
37 154
37 145
37 119
37 91
37 125
37 76
37 277
37 163
37 286
37 74
37 106
37 265
37 216
37 17
37 133
37 142
37 185
37 7
37 259
37 122
37 199
37 214
37 135
37 182
37 186
37 178
37 126
37 213
37 38
37 241
37 92
37 149
37 58
37 196
37 247
37 275
37 232
37 29
37 102
37 14
37 253
37 57
37 47
37 28
37 284
37 35
37 4
37 132
37 137
37 131
37 27
37 162
37 268
37 140
37 89
37 255
37 263
37 248
37 273
37 190
37 5
38 67
38 173
38 40
38 212
38 145
38 95
38 134
38 68
38 257
38 240
38 25
38 43
38 52
38 245
38 160
38 198
38 286
38 51
38 272
38 280
38 148
38 172
38 98
38 274
38 133
38 248
38 141
38 281
38 282
38 88
38 136
38 203
38 71
38 140
38 158
38 106
38 269
38 220
38 273
38 230
38 193
38 184
38 116
38 233
38 108
38 91
38 179
38 190
38 50
38 283
38 110
38 249
38 28
38 60
38 169
38 228
38 243
38 56
38 85
38 255
38 20
38 142
38 154
38 81
38 209
38 183
38 124
38 93
38 102
38 174
38 217
38 97
39 272
39 153
39 122
39 26
39 240
39 74
39 87
39 172
39 114
39 89
39 40
39 12
39 221
39 149
39 246
39 237
39 171
39 124
39 228
39 242
39 226
39 73
39 50
39 173
39 203
39 23
39 8
39 19
39 54
39 262
39 68
39 27
39 154
39 217
39 236
39 206
39 161
39 17
39 29
39 280
39 78
39 36
39 33
39 248
39 98
39 79
39 174
39 196
39 275
39 37
39 250
39 169
39 181
39 1
39 243
39 274
39 175
39 86
39 104
39 182
39 157
39 80
39 256
39 255
39 133
39 156
39 141
39 64
39 18
39 183
39 3
39 137
40 138
40 13
40 282
40 146
40 4
40 168
40 148
40 134
40 40
40 82
40 234
40 257
40 280
40 160
40 115
40 270
40 43
40 30
40 263
40 37
40 126
40 227
40 41
40 284
40 1
40 246
40 10
40 120
40 275
40 116
40 125
40 23
40 19
40 222
40 145
40 224
40 141
40 211
40 50
40 84
40 240
40 200
40 265
40 85
40 95
40 244
40 221
40 237
40 90
40 205
40 172
40 274
40 18
40 190
40 171
40 248
40 225
40 207
40 217
40 83
40 253
40 209
40 201
40 210
40 3
40 94
40 144
40 260
40 259
40 54
40 243
40 219
41 122
41 108
41 115
41 238
41 199
41 89
41 277
41 165
41 118
41 47
41 130
41 187
41 207
41 221
41 70
41 276
41 96
41 93
41 4
41 259
41 282
41 41
41 100
41 222
41 146
41 182
41 274
41 235
41 270
41 184
41 64
41 17
41 71
41 73
41 32
41 208
41 268
41 179
41 132
41 275
41 52
41 267
41 202
41 164
41 174
41 117
41 188
41 129
41 244
41 258
41 101
41 128
41 8
41 112
41 198
41 287
41 60
41 135
41 24
41 176
41 286
41 42
41 266
41 167
41 27
41 124
41 88
41 227
41 133
41 76
41 256
41 148
42 280
42 134
42 242
42 112
42 230
42 179
42 98
42 255
42 71
42 133
42 41
42 52
42 155
42 102
42 100
42 272
42 164
42 225
42 216
42 150
42 260
42 149
42 31
42 156
42 144
42 205
42 2
42 143
42 110
42 278
42 15
42 72
42 96
42 115
42 271
42 151
42 209
42 57
42 48
42 183
42 218
42 94
42 28
42 223
42 140
42 124
42 21
42 281
42 226
42 232
42 10
42 93
42 204
42 283
42 160
42 217
42 32
42 241
42 270
42 64
42 101
42 181
42 285
42 118
42 40
42 83
42 211
42 24
42 4
42 139
42 97
42 259
43 87
43 55
43 189
43 242
43 194
43 205
43 185
43 202
43 18
43 99
43 5
43 173
43 137
43 212
43 258
43 28
43 159
43 77
43 60
43 76
43 58
43 193
43 119
43 11
43 179
43 219
43 111
43 135
43 64
43 149
43 70
43 170
43 3
43 29
43 271
43 247
43 181
43 92
43 269
43 285
43 236
43 138
43 203
43 279
43 40
43 68
43 263
43 215
43 234
43 240
43 157
43 74
43 164
43 27
43 109
43 158
43 85
43 246
43 122
43 120
43 131
43 209
43 198
43 201
43 38
43 110
43 41
43 167
43 86
43 155
43 272
43 44
44 82
44 52
44 136
44 113
44 157
44 218
44 85
44 183
44 278
44 213
44 130
44 265
44 84
44 164
44 217
44 272
44 92
44 16
44 235
44 232
44 76
44 192
44 240
44 111
44 78
44 285
44 97
44 47
44 203
44 270
44 50
44 31
44 3
44 214
44 23
44 98
44 169
44 35
44 263
44 70
44 251
44 112
44 94
44 239
44 215
44 61
44 121
44 135
44 143
44 25
44 53
44 202
44 190
44 88
44 279
44 222
44 234
44 271
44 10
44 237
44 177
44 60
44 172
44 57
44 132
44 283
44 266
44 115
44 69
44 1
44 223
44 117
